# iteration    r (m)    potential (V)
         1         -0.048              0
         1        -0.0477              0
         1        -0.0474              0
         1        -0.0471              0
         1        -0.0468              0
         1        -0.0465              0
         1        -0.0462              0
         1        -0.0459              0
         1        -0.0456              0
         1        -0.0453              0
         1         -0.045              0
         1        -0.0447              0
         1        -0.0444              0
         1        -0.0441              0
         1        -0.0438              0
         1        -0.0435              0
         1        -0.0432              0
         1        -0.0429              0
         1        -0.0426              0
         1        -0.0423              0
         1         -0.042              0
         1        -0.0417              0
         1        -0.0414              0
         1        -0.0411              0
         1        -0.0408              0
         1        -0.0405              0
         1        -0.0402              0
         1        -0.0399              0
         1        -0.0396              0
         1        -0.0393              0
         1         -0.039              0
         1        -0.0387              0
         1        -0.0384              0
         1        -0.0381              0
         1        -0.0378              0
         1        -0.0375              0
         1        -0.0372              0
         1        -0.0369              0
         1        -0.0366              0
         1        -0.0363              0
         1         -0.036              0
         1        -0.0357              0
         1        -0.0354              0
         1        -0.0351              0
         1        -0.0348              0
         1        -0.0345              0
         1        -0.0342              0
         1        -0.0339              0
         1        -0.0336              0
         1        -0.0333              0
         1         -0.033              0
         1        -0.0327              0
         1        -0.0324              0
         1        -0.0321              0
         1        -0.0318              0
         1        -0.0315              0
         1        -0.0312              0
         1        -0.0309              0
         1        -0.0306              0
         1        -0.0303              0
         1          -0.03         -39.76
         1        -0.0297       -168.861
         1        -0.0294       -299.246
         1        -0.0291       -431.045
         1        -0.0288       -564.419
         1        -0.0285       -699.552
         1        -0.0282       -836.644
         1        -0.0279       -975.904
         1        -0.0276       -1117.56
         1        -0.0273       -1261.84
         1         -0.027          -1409
         1        -0.0267       -1559.31
         1        -0.0264       -1713.03
         1        -0.0261       -1870.45
         1        -0.0258        -2031.9
         1        -0.0255        -2197.7
         1        -0.0252       -2368.18
         1        -0.0249       -2543.73
         1        -0.0246       -2724.72
         1        -0.0243       -2911.57
         1         -0.024       -3104.72
         1        -0.0237       -3304.64
         1        -0.0234        -3511.8
         1        -0.0231       -3726.74
         1        -0.0228       -3950.01
         1        -0.0225       -4182.19
         1        -0.0222       -4423.89
         1        -0.0219       -4675.77
         1        -0.0216        -4938.5
         1        -0.0213       -5212.81
         1         -0.021       -5499.46
         1        -0.0207       -5799.23
         1        -0.0204       -6112.95
         1        -0.0201        -6441.5
         1        -0.0198       -6785.76
         1        -0.0195       -7146.68
         1        -0.0192       -7525.23
         1        -0.0189       -7922.43
         1        -0.0186       -8339.34
         1        -0.0183       -8777.03
         1         -0.018       -9236.64
         1        -0.0177       -9719.34
         1        -0.0174       -10226.4
         1        -0.0171         -10759
         1        -0.0168       -11318.5
         1        -0.0165       -11906.3
         1        -0.0162       -12523.8
         1        -0.0159       -13172.7
         1        -0.0156       -13854.4
         1        -0.0153       -14570.8
         1         -0.015       -15323.7
         1        -0.0147       -16115.1
         1        -0.0144       -16947.1
         1        -0.0141         -17822
         1        -0.0138       -18742.5
         1        -0.0135       -19711.2
         1        -0.0132       -20731.2
         1        -0.0129       -21805.9
         1        -0.0126         -22939
         1        -0.0123       -24134.6
         1         -0.012       -25397.4
         1        -0.0117       -26732.4
         1        -0.0114       -28145.6
         1        -0.0111       -29643.4
         1        -0.0108       -31233.3
         1        -0.0105       -32923.7
         1        -0.0102       -34724.3
         1        -0.0099       -36646.3
         1        -0.0096       -38702.6
         1        -0.0093       -40908.2
         1         -0.009         -43281
         1        -0.0087       -45841.9
         1        -0.0084       -48616.3
         1        -0.0081       -51634.8
         1        -0.0078       -54935.2
         1        -0.0075       -58564.8
         1        -0.0072       -62583.8
         1        -0.0069       -67070.7
         1        -0.0066       -72130.1
         1        -0.0063       -77903.5
         1         -0.006       -84576.5
         1        -0.0057       -92324.5
         1        -0.0054        -100000
         1        -0.0051        -100000
         1        -0.0048        -100000
         1        -0.0045       -99832.2
         1        -0.0042       -98472.6
         1        -0.0039       -97221.7
         1        -0.0036       -96169.6
         1        -0.0033       -95318.8
         1         -0.003       -94650.6
         1        -0.0027       -94141.6
         1        -0.0024       -93767.5
         1        -0.0021       -93504.6
         1        -0.0018       -93330.7
         1        -0.0015       -93224.7
         1        -0.0012       -93167.6
         1        -0.0009       -93142.5
         1        -0.0006       -93135.2
         1        -0.0003       -93135.3
         1              0       -93136.1
         1         0.0003       -93135.3
         1         0.0006       -93135.2
         1         0.0009       -93142.4
         1         0.0012       -93167.5
         1         0.0015       -93224.5
         1         0.0018       -93330.4
         1         0.0021       -93504.2
         1         0.0024         -93767
         1         0.0027         -94141
         1          0.003       -94649.8
         1         0.0033       -95317.8
         1         0.0036       -96168.5
         1         0.0039       -97220.5
         1         0.0042       -98471.4
         1         0.0045       -99831.1
         1         0.0048        -100000
         1         0.0051        -100000
         1         0.0054        -100000
         1         0.0057         -92337
         1          0.006       -84585.8
         1         0.0063       -77912.7
         1         0.0066       -72139.6
         1         0.0069       -67080.6
         1         0.0072       -62594.1
         1         0.0075       -58575.6
         1         0.0078       -54946.6
         1         0.0081       -51646.9
         1         0.0084       -48629.2
         1         0.0087       -45855.8
         1          0.009       -43295.9
         1         0.0093       -40924.4
         1         0.0096         -38720
         1         0.0099       -36665.1
         1         0.0102       -34744.6
         1         0.0105       -32945.5
         1         0.0108       -31256.8
         1         0.0111       -29668.7
         1         0.0114       -28172.7
         1         0.0117       -26761.4
         1          0.012       -25428.3
         1         0.0123       -24167.6
         1         0.0126         -22974
         1         0.0129       -21842.9
         1         0.0132       -20770.2
         1         0.0135       -19752.2
         1         0.0138       -18785.5
         1         0.0141       -17866.9
         1         0.0144       -16993.8
         1         0.0147       -16163.5
         1          0.015       -15373.8
         1         0.0153       -14622.4
         1         0.0156       -13907.3
         1         0.0159       -13226.7
         1         0.0162       -12578.9
         1         0.0165       -11962.1
         1         0.0168       -11374.9
         1         0.0171       -10815.8
         1         0.0174       -10283.4
         1         0.0177       -9776.31
         1          0.018       -9293.38
         1         0.0183       -8833.34
         1         0.0186       -8395.04
         1         0.0189       -7977.34
         1         0.0192       -7579.18
         1         0.0195       -7199.51
         1         0.0198       -6837.34
         1         0.0201        -6491.7
         1         0.0204       -6161.68
         1         0.0207       -5846.39
         1          0.021       -5544.97
         1         0.0213       -5256.62
         1         0.0216       -4980.55
         1         0.0219       -4716.03
         1         0.0222       -4462.35
         1         0.0225       -4218.84
         1         0.0228       -3984.85
         1         0.0231       -3759.77
         1         0.0234       -3543.04
         1         0.0237       -3334.11
         1          0.024       -3132.46
         1         0.0243        -2937.6
         1         0.0246       -2749.08
         1         0.0249       -2566.45
         1         0.0252       -2389.31
         1         0.0255       -2217.27
         1         0.0258       -2049.96
         1         0.0261       -1887.04
         1         0.0264       -1728.18
         1         0.0267       -1573.06
         1          0.027        -1421.4
         1         0.0273       -1272.91
         1         0.0276       -1127.34
         1         0.0279       -984.421
         1         0.0282       -843.927
         1         0.0285       -705.628
         1         0.0288       -569.311
         1         0.0291       -434.773
         1         0.0294        -301.83
         1         0.0297       -170.317
         1           0.03       -40.1027
         1         0.0303              0
         1         0.0306              0
         1         0.0309              0
         1         0.0312              0
         1         0.0315              0
         1         0.0318              0
         1         0.0321              0
         1         0.0324              0
         1         0.0327              0
         1          0.033              0
         1         0.0333              0
         1         0.0336              0
         1         0.0339              0
         1         0.0342              0
         1         0.0345              0
         1         0.0348              0
         1         0.0351              0
         1         0.0354              0
         1         0.0357              0
         1          0.036              0
         1         0.0363              0
         1         0.0366              0
         1         0.0369              0
         1         0.0372              0
         1         0.0375              0
         1         0.0378              0
         1         0.0381              0
         1         0.0384              0
         1         0.0387              0
         1          0.039              0
         1         0.0393              0
         1         0.0396              0
         1         0.0399              0
         1         0.0402              0
         1         0.0405              0
         1         0.0408              0
         1         0.0411              0
         1         0.0414              0
         1         0.0417              0
         1          0.042              0
         1         0.0423              0
         1         0.0426              0
         1         0.0429              0
         1         0.0432              0
         1         0.0435              0
         1         0.0438              0
         1         0.0441              0
         1         0.0444              0
         1         0.0447              0
         1          0.045              0
         1         0.0453              0
         1         0.0456              0
         1         0.0459              0
         1         0.0462              0
         1         0.0465              0
         1         0.0468              0
         1         0.0471              0
         1         0.0474              0
         1         0.0477              0
         2         -0.048              0
         2        -0.0477              0
         2        -0.0474              0
         2        -0.0471              0
         2        -0.0468              0
         2        -0.0465              0
         2        -0.0462              0
         2        -0.0459              0
         2        -0.0456              0
         2        -0.0453              0
         2         -0.045              0
         2        -0.0447              0
         2        -0.0444              0
         2        -0.0441              0
         2        -0.0438              0
         2        -0.0435              0
         2        -0.0432              0
         2        -0.0429              0
         2        -0.0426              0
         2        -0.0423              0
         2         -0.042              0
         2        -0.0417              0
         2        -0.0414              0
         2        -0.0411              0
         2        -0.0408              0
         2        -0.0405              0
         2        -0.0402              0
         2        -0.0399              0
         2        -0.0396              0
         2        -0.0393              0
         2         -0.039              0
         2        -0.0387              0
         2        -0.0384              0
         2        -0.0381              0
         2        -0.0378              0
         2        -0.0375              0
         2        -0.0372              0
         2        -0.0369              0
         2        -0.0366              0
         2        -0.0363              0
         2         -0.036              0
         2        -0.0357              0
         2        -0.0354              0
         2        -0.0351              0
         2        -0.0348              0
         2        -0.0345              0
         2        -0.0342              0
         2        -0.0339              0
         2        -0.0336              0
         2        -0.0333              0
         2         -0.033              0
         2        -0.0327              0
         2        -0.0324              0
         2        -0.0321              0
         2        -0.0318              0
         2        -0.0315              0
         2        -0.0312              0
         2        -0.0309              0
         2        -0.0306              0
         2        -0.0303              0
         2          -0.03       -32.5146
         2        -0.0297       -138.092
         2        -0.0294       -244.732
         2        -0.0291       -352.549
         2        -0.0288       -461.681
         2        -0.0285       -572.289
         2        -0.0282       -684.541
         2        -0.0279        -798.62
         2        -0.0276       -914.716
         2        -0.0273       -1033.02
         2         -0.027        -1153.8
         2        -0.0267       -1277.27
         2        -0.0264       -1403.68
         2        -0.0261       -1533.27
         2        -0.0258       -1666.31
         2        -0.0255        -1803.1
         2        -0.0252       -1943.95
         2        -0.0249       -2089.21
         2        -0.0246       -2239.23
         2        -0.0243       -2394.35
         2         -0.024       -2554.98
         2        -0.0237       -2721.54
         2        -0.0234       -2894.49
         2        -0.0231       -3074.31
         2        -0.0228       -3261.51
         2        -0.0225       -3456.66
         2        -0.0222       -3660.36
         2        -0.0219       -3873.25
         2        -0.0216       -4096.02
         2        -0.0213       -4329.49
         2         -0.021       -4574.46
         2        -0.0207       -4831.65
         2        -0.0204       -5101.83
         2        -0.0201       -5385.78
         2        -0.0198       -5686.02
         2        -0.0195       -6006.78
         2        -0.0192       -6347.06
         2        -0.0189       -6707.28
         2        -0.0186       -7088.19
         2        -0.0183       -7490.69
         2         -0.018       -7915.67
         2        -0.0177       -8364.18
         2        -0.0174       -8837.38
         2        -0.0171       -9336.49
         2        -0.0168       -9862.85
         2        -0.0165       -10417.9
         2        -0.0162         -11003
         2        -0.0159       -11619.8
         2        -0.0156       -12270.1
         2        -0.0153       -12955.6
         2         -0.015       -13678.3
         2        -0.0147       -14440.4
         2        -0.0144         -15244
         2        -0.0141       -16091.9
         2        -0.0138       -16986.7
         2        -0.0135       -17931.3
         2        -0.0132       -18929.2
         2        -0.0129       -19983.7
         2        -0.0126       -21099.2
         2        -0.0123         -22280
         2         -0.012         -23531
         2        -0.0117       -24857.5
         2        -0.0114       -26265.4
         2        -0.0111       -27761.5
         2        -0.0108       -29353.8
         2        -0.0105       -31051.5
         2        -0.0102       -32864.6
         2        -0.0099       -34804.7
         2        -0.0096       -36884.9
         2        -0.0093       -39121.2
         2         -0.009       -41532.4
         2        -0.0087       -44140.6
         2        -0.0084       -46972.4
         2        -0.0081       -50059.7
         2        -0.0078       -53441.5
         2        -0.0075       -57167.1
         2        -0.0072       -61299.1
         2        -0.0069       -65919.8
         2        -0.0066       -71138.5
         2        -0.0063       -77103.3
         2         -0.006       -84008.6
         2        -0.0057       -92037.8
         2        -0.0054        -100000
         2        -0.0051        -100000
         2        -0.0048        -100000
         2        -0.0045       -99808.7
         2        -0.0042       -98256.7
         2        -0.0039       -96813.6
         2        -0.0036       -95577.2
         2        -0.0033       -94548.6
         2         -0.003       -93708.8
         2        -0.0027       -93034.3
         2        -0.0024       -92498.7
         2        -0.0021       -92077.5
         2        -0.0018       -91749.6
         2        -0.0015       -91498.5
         2        -0.0012         -91308
         2        -0.0009       -91164.2
         2        -0.0006       -91061.3
         2        -0.0003       -90996.8
         2              0       -90977.3
         2         0.0003       -91006.6
         2         0.0006       -91079.2
         2         0.0009       -91189.2
         2         0.0012       -91338.1
         2         0.0015       -91532.2
         2         0.0018       -91785.4
         2         0.0021       -92112.3
         2         0.0024       -92532.2
         2         0.0027       -93065.3
         2          0.003       -93735.2
         2         0.0033       -94568.1
         2         0.0036       -95590.4
         2         0.0039         -96822
         2         0.0042       -98260.3
         2         0.0045         -99808
         2         0.0048        -100000
         2         0.0051        -100000
         2         0.0054        -100000
         2         0.0057         -92040
         2          0.006         -84003
         2         0.0063       -77096.8
         2         0.0066       -71132.6
         2         0.0069       -65915.4
         2         0.0072       -61296.6
         2         0.0075       -57166.8
         2         0.0078       -53444.4
         2         0.0081       -50066.4
         2         0.0084       -46983.4
         2         0.0087       -44155.8
         2          0.009       -41551.2
         2         0.0093       -39143.3
         2         0.0096       -36909.6
         2         0.0099       -34831.6
         2         0.0102       -32893.6
         2         0.0105       -31081.9
         2         0.0108       -29385.4
         2         0.0111         -27794
         2         0.0114         -26299
         2         0.0117       -24892.2
         2          0.012       -23566.6
         2         0.0123       -22316.2
         2         0.0126       -21135.5
         2         0.0129       -20019.9
         2         0.0132       -18965.3
         2         0.0135       -17967.9
         2         0.0138       -17023.9
         2         0.0141       -16129.9
         2         0.0144         -15283
         2         0.0147       -14480.3
         2          0.015       -13719.2
         2         0.0153       -12997.5
         2         0.0156       -12312.7
         2         0.0159       -11663.1
         2         0.0162       -11046.6
         2         0.0165       -10461.7
         2         0.0168       -9906.85
         2         0.0171       -9380.43
         2         0.0174       -8881.05
         2         0.0177        -8407.4
         2          0.018       -7958.24
         2         0.0183       -7532.34
         2         0.0186       -7128.64
         2         0.0189       -6746.11
         2         0.0192       -6383.88
         2         0.0195       -6041.34
         2         0.0198       -5718.33
         2         0.0201       -5416.46
         2         0.0204       -5131.11
         2         0.0207       -4859.58
         2          0.021       -4601.29
         2         0.0213       -4355.34
         2         0.0216       -4120.87
         2         0.0219       -3897.06
         2         0.0222       -3683.17
         2         0.0225       -3478.43
         2         0.0228       -3282.24
         2         0.0231       -3094.07
         2         0.0234        -2913.3
         2         0.0237       -2739.42
         2          0.024       -2571.94
         2         0.0243       -2410.41
         2         0.0246       -2254.41
         2         0.0249       -2103.52
         2         0.0252       -1957.39
         2         0.0255       -1815.64
         2         0.0258       -1677.96
         2         0.0261       -1544.06
         2         0.0264       -1413.61
         2         0.0267       -1286.35
         2          0.027       -1162.02
         2         0.0273       -1040.38
         2         0.0276       -921.196
         2         0.0279       -804.253
         2         0.0282       -689.357
         2         0.0285       -576.309
         2         0.0288       -464.924
         2         0.0291       -355.024
         2         0.0294        -246.45
         2         0.0297       -139.062
         2           0.03       -32.7429
         2         0.0303              0
         2         0.0306              0
         2         0.0309              0
         2         0.0312              0
         2         0.0315              0
         2         0.0318              0
         2         0.0321              0
         2         0.0324              0
         2         0.0327              0
         2          0.033              0
         2         0.0333              0
         2         0.0336              0
         2         0.0339              0
         2         0.0342              0
         2         0.0345              0
         2         0.0348              0
         2         0.0351              0
         2         0.0354              0
         2         0.0357              0
         2          0.036              0
         2         0.0363              0
         2         0.0366              0
         2         0.0369              0
         2         0.0372              0
         2         0.0375              0
         2         0.0378              0
         2         0.0381              0
         2         0.0384              0
         2         0.0387              0
         2          0.039              0
         2         0.0393              0
         2         0.0396              0
         2         0.0399              0
         2         0.0402              0
         2         0.0405              0
         2         0.0408              0
         2         0.0411              0
         2         0.0414              0
         2         0.0417              0
         2          0.042              0
         2         0.0423              0
         2         0.0426              0
         2         0.0429              0
         2         0.0432              0
         2         0.0435              0
         2         0.0438              0
         2         0.0441              0
         2         0.0444              0
         2         0.0447              0
         2          0.045              0
         2         0.0453              0
         2         0.0456              0
         2         0.0459              0
         2         0.0462              0
         2         0.0465              0
         2         0.0468              0
         2         0.0471              0
         2         0.0474              0
         2         0.0477              0
         3         -0.048              0
         3        -0.0477              0
         3        -0.0474              0
         3        -0.0471              0
         3        -0.0468              0
         3        -0.0465              0
         3        -0.0462              0
         3        -0.0459              0
         3        -0.0456              0
         3        -0.0453              0
         3         -0.045              0
         3        -0.0447              0
         3        -0.0444              0
         3        -0.0441              0
         3        -0.0438              0
         3        -0.0435              0
         3        -0.0432              0
         3        -0.0429              0
         3        -0.0426              0
         3        -0.0423              0
         3         -0.042              0
         3        -0.0417              0
         3        -0.0414              0
         3        -0.0411              0
         3        -0.0408              0
         3        -0.0405              0
         3        -0.0402              0
         3        -0.0399              0
         3        -0.0396              0
         3        -0.0393              0
         3         -0.039              0
         3        -0.0387              0
         3        -0.0384              0
         3        -0.0381              0
         3        -0.0378              0
         3        -0.0375              0
         3        -0.0372              0
         3        -0.0369              0
         3        -0.0366              0
         3        -0.0363              0
         3         -0.036              0
         3        -0.0357              0
         3        -0.0354              0
         3        -0.0351              0
         3        -0.0348              0
         3        -0.0345              0
         3        -0.0342              0
         3        -0.0339              0
         3        -0.0336              0
         3        -0.0333              0
         3         -0.033              0
         3        -0.0327              0
         3        -0.0324              0
         3        -0.0321              0
         3        -0.0318              0
         3        -0.0315              0
         3        -0.0312              0
         3        -0.0309              0
         3        -0.0306              0
         3        -0.0303              0
         3          -0.03        -24.643
         3        -0.0297       -104.673
         3        -0.0294       -185.543
         3        -0.0291       -267.355
         3        -0.0288       -350.216
         3        -0.0285       -434.257
         3        -0.0282       -519.641
         3        -0.0279       -606.505
         3        -0.0276       -695.025
         3        -0.0273       -785.368
         3         -0.027       -877.808
         3        -0.0267       -972.527
         3        -0.0264       -1069.68
         3        -0.0261        -1169.5
         3        -0.0258       -1272.24
         3        -0.0255       -1378.19
         3        -0.0252       -1487.69
         3        -0.0249       -1600.92
         3        -0.0246       -1718.25
         3        -0.0243       -1839.85
         3         -0.024       -1966.16
         3        -0.0237       -2097.54
         3        -0.0234       -2234.37
         3        -0.0231       -2377.08
         3        -0.0228       -2526.13
         3        -0.0225       -2681.98
         3        -0.0222       -2845.26
         3        -0.0219       -3016.54
         3        -0.0216       -3196.38
         3        -0.0213       -3385.62
         3         -0.021       -3584.97
         3        -0.0207        -3795.2
         3        -0.0204       -4017.23
         3        -0.0201       -4252.05
         3        -0.0198       -4503.38
         3        -0.0195       -4778.09
         3        -0.0192       -5073.53
         3        -0.0189       -5389.65
         3        -0.0186       -5726.86
         3        -0.0183          -6086
         3         -0.018       -6467.92
         3        -0.0177       -6873.55
         3        -0.0174       -7304.02
         3        -0.0171       -7760.57
         3        -0.0168       -8244.59
         3        -0.0165       -8757.54
         3        -0.0162       -9300.91
         3        -0.0159       -9876.33
         3        -0.0156       -10485.5
         3        -0.0153       -11130.5
         3         -0.015       -11813.4
         3        -0.0147       -12536.4
         3        -0.0144         -13302
         3        -0.0141       -14112.8
         3        -0.0138         -14972
         3        -0.0135       -15882.7
         3        -0.0132       -16848.6
         3        -0.0129       -17873.6
         3        -0.0126       -18962.4
         3        -0.0123       -20119.8
         3         -0.012       -21350.8
         3        -0.0117       -22661.3
         3        -0.0114       -24057.6
         3        -0.0111         -25547
         3        -0.0108         -27138
         3        -0.0105       -28839.8
         3        -0.0102       -30663.4
         3        -0.0099       -32620.8
         3        -0.0096       -34726.5
         3        -0.0093       -36996.8
         3         -0.009       -39451.2
         3        -0.0087       -42112.8
         3        -0.0084       -45009.5
         3        -0.0081       -48175.1
         3        -0.0078       -51651.2
         3        -0.0075       -55489.6
         3        -0.0072       -59756.1
         3        -0.0069       -64536.9
         3        -0.0066       -69946.7
         3        -0.0063       -76141.3
         3         -0.006       -83324.7
         3        -0.0057         -91691
         3        -0.0054        -100000
         3        -0.0051        -100000
         3        -0.0048        -100000
         3        -0.0045       -99776.2
         3        -0.0042         -97957
         3        -0.0039       -96241.3
         3        -0.0036       -94737.7
         3        -0.0033       -93448.2
         3         -0.003         -92352
         3        -0.0027       -91422.9
         3        -0.0024       -90629.8
         3        -0.0021         -89944
         3        -0.0018       -89344.7
         3        -0.0015       -88816.4
         3        -0.0012       -88349.2
         3        -0.0009         -87944
         3        -0.0006       -87614.4
         3        -0.0003         -87385
         3              0       -87317.7
         3         0.0003       -87443.4
         3         0.0006       -87708.7
         3         0.0009       -88074.2
         3         0.0012       -88506.3
         3         0.0015         -88990
         3         0.0018       -89522.9
         3         0.0021       -90113.4
         3         0.0024         -90783
         3         0.0027         -91556
         3          0.003       -92464.5
         3         0.0033       -93539.9
         3         0.0036       -94807.6
         3         0.0039       -96288.6
         3         0.0042       -97981.5
         3         0.0045       -99777.9
         3         0.0048        -100000
         3         0.0051        -100000
         3         0.0054        -100000
         3         0.0057       -91704.5
         3          0.006       -83339.6
         3         0.0063       -76162.3
         3         0.0066       -69974.5
         3         0.0069       -64571.1
         3         0.0072       -59796.8
         3         0.0075       -55536.4
         3         0.0078         -51704
         3         0.0081       -48233.4
         3         0.0084       -45072.5
         3         0.0087       -42179.6
         3          0.009       -39520.9
         3         0.0093       -37068.7
         3         0.0096       -34799.6
         3         0.0099       -32694.2
         3         0.0102       -30736.1
         3         0.0105       -28911.5
         3         0.0108       -27208.3
         3         0.0111       -25615.9
         3         0.0114       -24124.8
         3         0.0117       -22726.6
         3          0.012         -21414
         3         0.0123       -20180.5
         3         0.0126       -19020.5
         3         0.0129       -17928.9
         3         0.0132       -16901.1
         3         0.0135       -15932.9
         3         0.0138       -15020.2
         3         0.0141       -14159.4
         3         0.0144       -13347.1
         3         0.0147       -12580.1
         3          0.015       -11855.7
         3         0.0153       -11171.3
         3         0.0156       -10524.7
         3         0.0159          -9914
         3         0.0162       -9337.49
         3         0.0165       -8793.48
         3         0.0168       -8280.29
         3         0.0171       -7796.25
         3         0.0174       -7339.92
         3         0.0177       -6909.87
         3          0.018       -6504.83
         3         0.0183       -6123.57
         3         0.0186       -5765.08
         3         0.0189       -5428.26
         3         0.0192       -5111.99
         3         0.0195       -4815.78
         3         0.0198       -4539.77
         3         0.0201       -4287.12
         3         0.0204       -4050.98
         3         0.0207       -3827.41
         3          0.021       -3615.79
         3         0.0213        -3415.2
         3         0.0216       -3224.72
         3         0.0219       -3043.64
         3         0.0222       -2871.33
         3         0.0225       -2707.07
         3         0.0228       -2550.25
         3         0.0231       -2400.27
         3         0.0234       -2256.62
         3         0.0237       -2118.86
         3          0.024       -1986.54
         3         0.0243       -1859.24
         3         0.0246       -1736.62
         3         0.0249       -1618.37
         3         0.0252       -1504.16
         3         0.0255       -1393.66
         3         0.0258       -1286.57
         3         0.0261       -1182.65
         3         0.0264       -1081.77
         3         0.0267        -983.61
         3          0.027       -887.948
         3         0.0273       -794.536
         3         0.0276       -703.152
         3         0.0279       -613.609
         3         0.0282       -525.735
         3         0.0285       -439.362
         3         0.0288       -354.337
         3         0.0291        -270.51
         3         0.0294       -187.747
         3         0.0297       -105.924
         3           0.03       -24.9393
         3         0.0303              0
         3         0.0306              0
         3         0.0309              0
         3         0.0312              0
         3         0.0315              0
         3         0.0318              0
         3         0.0321              0
         3         0.0324              0
         3         0.0327              0
         3          0.033              0
         3         0.0333              0
         3         0.0336              0
         3         0.0339              0
         3         0.0342              0
         3         0.0345              0
         3         0.0348              0
         3         0.0351              0
         3         0.0354              0
         3         0.0357              0
         3          0.036              0
         3         0.0363              0
         3         0.0366              0
         3         0.0369              0
         3         0.0372              0
         3         0.0375              0
         3         0.0378              0
         3         0.0381              0
         3         0.0384              0
         3         0.0387              0
         3          0.039              0
         3         0.0393              0
         3         0.0396              0
         3         0.0399              0
         3         0.0402              0
         3         0.0405              0
         3         0.0408              0
         3         0.0411              0
         3         0.0414              0
         3         0.0417              0
         3          0.042              0
         3         0.0423              0
         3         0.0426              0
         3         0.0429              0
         3         0.0432              0
         3         0.0435              0
         3         0.0438              0
         3         0.0441              0
         3         0.0444              0
         3         0.0447              0
         3          0.045              0
         3         0.0453              0
         3         0.0456              0
         3         0.0459              0
         3         0.0462              0
         3         0.0465              0
         3         0.0468              0
         3         0.0471              0
         3         0.0474              0
         3         0.0477              0
         4         -0.048              0
         4        -0.0477              0
         4        -0.0474              0
         4        -0.0471              0
         4        -0.0468              0
         4        -0.0465              0
         4        -0.0462              0
         4        -0.0459              0
         4        -0.0456              0
         4        -0.0453              0
         4         -0.045              0
         4        -0.0447              0
         4        -0.0444              0
         4        -0.0441              0
         4        -0.0438              0
         4        -0.0435              0
         4        -0.0432              0
         4        -0.0429              0
         4        -0.0426              0
         4        -0.0423              0
         4         -0.042              0
         4        -0.0417              0
         4        -0.0414              0
         4        -0.0411              0
         4        -0.0408              0
         4        -0.0405              0
         4        -0.0402              0
         4        -0.0399              0
         4        -0.0396              0
         4        -0.0393              0
         4         -0.039              0
         4        -0.0387              0
         4        -0.0384              0
         4        -0.0381              0
         4        -0.0378              0
         4        -0.0375              0
         4        -0.0372              0
         4        -0.0369              0
         4        -0.0366              0
         4        -0.0363              0
         4         -0.036              0
         4        -0.0357              0
         4        -0.0354              0
         4        -0.0351              0
         4        -0.0348              0
         4        -0.0345              0
         4        -0.0342              0
         4        -0.0339              0
         4        -0.0336              0
         4        -0.0333              0
         4         -0.033              0
         4        -0.0327              0
         4        -0.0324              0
         4        -0.0321              0
         4        -0.0318              0
         4        -0.0315              0
         4        -0.0312              0
         4        -0.0309              0
         4        -0.0306              0
         4        -0.0303              0
         4          -0.03       -21.0436
         4        -0.0297       -89.3919
         4        -0.0294        -158.49
         4        -0.0291       -228.448
         4        -0.0288       -299.347
         4        -0.0285       -371.349
         4        -0.0282       -444.673
         4        -0.0279       -519.385
         4        -0.0276       -595.578
         4        -0.0273        -673.38
         4         -0.027       -753.051
         4        -0.0267       -834.768
         4        -0.0264       -918.737
         4        -0.0261       -1005.15
         4        -0.0258       -1094.21
         4        -0.0255       -1186.21
         4        -0.0252       -1281.36
         4        -0.0249       -1379.89
         4        -0.0246       -1482.07
         4        -0.0243       -1588.15
         4         -0.024       -1698.53
         4        -0.0237       -1813.63
         4        -0.0234       -1933.91
         4        -0.0231       -2059.75
         4        -0.0228       -2191.58
         4        -0.0225       -2329.82
         4        -0.0222       -2475.01
         4        -0.0219       -2627.74
         4        -0.0216       -2788.52
         4        -0.0213       -2958.19
         4         -0.021       -3137.48
         4        -0.0207       -3327.07
         4        -0.0204       -3527.66
         4        -0.0201       -3740.11
         4        -0.0198       -3969.44
         4        -0.0195       -4225.16
         4        -0.0192       -4502.95
         4        -0.0189       -4802.52
         4        -0.0186       -5124.25
         4        -0.0183       -5468.68
         4         -0.018       -5836.88
         4        -0.0177       -6229.65
         4        -0.0174       -6648.13
         4        -0.0171       -7093.69
         4        -0.0168       -7567.63
         4        -0.0165       -8071.48
         4        -0.0162        -8606.8
         4        -0.0159        -9175.2
         4        -0.0156       -9778.28
         4        -0.0153       -10417.9
         4         -0.015       -11096.3
         4        -0.0147       -11815.5
         4        -0.0144       -12578.1
         4        -0.0141       -13386.6
         4        -0.0138       -14244.2
         4        -0.0135       -15154.1
         4        -0.0132       -16119.7
         4        -0.0129       -17145.3
         4        -0.0126       -18235.2
         4        -0.0123       -19394.2
         4         -0.012       -20627.7
         4        -0.0117       -21941.6
         4        -0.0114       -23342.5
         4        -0.0111       -24838.3
         4        -0.0108       -26437.3
         4        -0.0105       -28148.9
         4        -0.0102       -29983.8
         4        -0.0099       -31954.3
         4        -0.0096         -34075
         4        -0.0093       -36362.6
         4         -0.009       -38836.7
         4        -0.0087       -41520.7
         4        -0.0084       -44442.8
         4        -0.0081       -47637.2
         4        -0.0078       -51146.1
         4        -0.0075       -55021.7
         4        -0.0072       -59330.6
         4        -0.0069       -64159.5
         4        -0.0066       -69624.6
         4        -0.0063       -75883.4
         4         -0.006       -83142.7
         4        -0.0057       -91599.3
         4        -0.0054        -100000
         4        -0.0051        -100000
         4        -0.0048        -100000
         4        -0.0045       -99775.6
         4        -0.0042       -97950.9
         4        -0.0039       -96231.4
         4        -0.0036       -94726.6
         4        -0.0033       -93439.9
         4         -0.003       -92350.5
         4        -0.0027       -91432.8
         4        -0.0024       -90656.4
         4        -0.0021       -89992.5
         4        -0.0018       -89419.7
         4        -0.0015       -88919.1
         4        -0.0012       -88478.8
         4        -0.0009       -88099.5
         4        -0.0006       -87794.9
         4        -0.0003       -87587.9
         4              0       -87523.4
         4         0.0003       -87623.2
         4         0.0006       -87853.3
         4         0.0009       -88182.1
         4         0.0012       -88578.5
         4         0.0015       -89028.8
         4         0.0018       -89532.1
         4         0.0021       -90098.1
         4         0.0024       -90748.7
         4         0.0027       -91508.6
         4          0.003       -92410.4
         4         0.0033         -93486
         4         0.0036       -94759.9
         4         0.0039       -96252.3
         4         0.0042       -97960.9
         4         0.0045       -99775.5
         4         0.0048        -100000
         4         0.0051        -100000
         4         0.0054        -100000
         4         0.0057       -91596.6
         4          0.006       -83130.5
         4         0.0063         -75871
         4         0.0066       -69615.2
         4         0.0069       -64154.9
         4         0.0072       -59331.9
         4         0.0075       -55029.6
         4         0.0078       -51160.6
         4         0.0081       -47657.8
         4         0.0084       -44468.3
         4         0.0087       -41550.1
         4          0.009       -38868.8
         4         0.0093       -36396.4
         4         0.0096       -34109.8
         4         0.0099       -31989.1
         4         0.0102         -30018
         4         0.0105       -28182.3
         4         0.0108       -26470.1
         4         0.0111       -24870.7
         4         0.0114       -23374.1
         4         0.0117       -21971.6
         4          0.012       -20655.8
         4         0.0123       -19420.1
         4         0.0126       -18258.7
         4         0.0129       -17166.4
         4         0.0132       -16138.6
         4         0.0135         -15171
         4         0.0138       -14259.7
         4         0.0141       -13400.8
         4         0.0144         -12591
         4         0.0147       -11827.3
         4          0.015       -11106.9
         4         0.0153         -10428
         4         0.0156       -9788.34
         4         0.0159       -9186.07
         4         0.0162       -8618.93
         4         0.0165       -8084.98
         4         0.0168       -7582.55
         4         0.0171       -7109.92
         4         0.0174       -6665.79
         4         0.0177       -6248.69
         4          0.018       -5857.27
         4         0.0183       -5490.22
         4         0.0186       -5146.57
         4         0.0189       -4825.41
         4         0.0192       -4525.91
         4         0.0195       -4247.78
         4         0.0198       -3991.37
         4         0.0201        -3761.3
         4         0.0204       -3548.24
         4         0.0207       -3347.03
         4          0.021       -3157.01
         4         0.0213       -2977.38
         4         0.0216       -2807.23
         4         0.0219       -2645.88
         4         0.0222       -2492.63
         4         0.0225       -2346.84
         4         0.0228       -2208.02
         4         0.0231       -2075.64
         4         0.0234       -1949.15
         4         0.0237       -1828.23
         4          0.024       -1712.39
         4         0.0243       -1601.17
         4         0.0246       -1494.25
         4         0.0249       -1391.32
         4         0.0252       -1292.09
         4         0.0255       -1196.23
         4         0.0258       -1103.55
         4         0.0261       -1013.78
         4         0.0264       -926.714
         4         0.0267       -842.099
         4          0.027       -759.787
         4         0.0273       -679.515
         4         0.0276       -601.079
         4         0.0279        -524.32
         4         0.0282        -449.05
         4         0.0285        -375.14
         4         0.0288       -302.467
         4         0.0291       -230.869
         4         0.0294       -160.211
         4         0.0297       -90.3797
         4           0.03       -21.2786
         4         0.0303              0
         4         0.0306              0
         4         0.0309              0
         4         0.0312              0
         4         0.0315              0
         4         0.0318              0
         4         0.0321              0
         4         0.0324              0
         4         0.0327              0
         4          0.033              0
         4         0.0333              0
         4         0.0336              0
         4         0.0339              0
         4         0.0342              0
         4         0.0345              0
         4         0.0348              0
         4         0.0351              0
         4         0.0354              0
         4         0.0357              0
         4          0.036              0
         4         0.0363              0
         4         0.0366              0
         4         0.0369              0
         4         0.0372              0
         4         0.0375              0
         4         0.0378              0
         4         0.0381              0
         4         0.0384              0
         4         0.0387              0
         4          0.039              0
         4         0.0393              0
         4         0.0396              0
         4         0.0399              0
         4         0.0402              0
         4         0.0405              0
         4         0.0408              0
         4         0.0411              0
         4         0.0414              0
         4         0.0417              0
         4          0.042              0
         4         0.0423              0
         4         0.0426              0
         4         0.0429              0
         4         0.0432              0
         4         0.0435              0
         4         0.0438              0
         4         0.0441              0
         4         0.0444              0
         4         0.0447              0
         4          0.045              0
         4         0.0453              0
         4         0.0456              0
         4         0.0459              0
         4         0.0462              0
         4         0.0465              0
         4         0.0468              0
         4         0.0471              0
         4         0.0474              0
         4         0.0477              0
         5         -0.048              0
         5        -0.0477              0
         5        -0.0474              0
         5        -0.0471              0
         5        -0.0468              0
         5        -0.0465              0
         5        -0.0462              0
         5        -0.0459              0
         5        -0.0456              0
         5        -0.0453              0
         5         -0.045              0
         5        -0.0447              0
         5        -0.0444              0
         5        -0.0441              0
         5        -0.0438              0
         5        -0.0435              0
         5        -0.0432              0
         5        -0.0429              0
         5        -0.0426              0
         5        -0.0423              0
         5         -0.042              0
         5        -0.0417              0
         5        -0.0414              0
         5        -0.0411              0
         5        -0.0408              0
         5        -0.0405              0
         5        -0.0402              0
         5        -0.0399              0
         5        -0.0396              0
         5        -0.0393              0
         5         -0.039              0
         5        -0.0387              0
         5        -0.0384              0
         5        -0.0381              0
         5        -0.0378              0
         5        -0.0375              0
         5        -0.0372              0
         5        -0.0369              0
         5        -0.0366              0
         5        -0.0363              0
         5         -0.036              0
         5        -0.0357              0
         5        -0.0354              0
         5        -0.0351              0
         5        -0.0348              0
         5        -0.0345              0
         5        -0.0342              0
         5        -0.0339              0
         5        -0.0336              0
         5        -0.0333              0
         5         -0.033              0
         5        -0.0327              0
         5        -0.0324              0
         5        -0.0321              0
         5        -0.0318              0
         5        -0.0315              0
         5        -0.0312              0
         5        -0.0309              0
         5        -0.0306              0
         5        -0.0303              0
         5          -0.03       -18.4223
         5        -0.0297        -78.256
         5        -0.0294       -138.785
         5        -0.0291       -200.096
         5        -0.0288        -262.26
         5        -0.0285       -325.399
         5        -0.0282       -389.698
         5        -0.0279       -455.189
         5        -0.0276           -522
         5        -0.0273       -590.298
         5         -0.027       -660.249
         5        -0.0267       -731.981
         5        -0.0264       -805.662
         5        -0.0261       -881.456
         5        -0.0258       -959.564
         5        -0.0255       -1040.35
         5        -0.0252       -1124.04
         5        -0.0249       -1210.76
         5        -0.0246       -1300.83
         5        -0.0243        -1394.5
         5         -0.024       -1492.12
         5        -0.0237       -1593.96
         5        -0.0234       -1700.49
         5        -0.0231       -1812.11
         5        -0.0228       -1929.16
         5        -0.0225       -2052.16
         5        -0.0222       -2181.31
         5        -0.0219       -2317.22
         5        -0.0216       -2460.39
         5        -0.0213       -2611.67
         5         -0.021       -2771.77
         5        -0.0207       -2941.32
         5        -0.0204       -3120.93
         5        -0.0201       -3311.56
         5        -0.0198       -3519.63
         5        -0.0195       -3756.78
         5        -0.0192       -4017.28
         5        -0.0189       -4300.34
         5        -0.0186       -4606.31
         5        -0.0183       -4935.66
         5         -0.018       -5289.27
         5        -0.0177       -5668.13
         5        -0.0174        -6073.4
         5        -0.0171       -6506.33
         5        -0.0168       -6968.31
         5        -0.0165       -7460.91
         5        -0.0162       -7985.86
         5        -0.0159       -8544.86
         5        -0.0156       -9139.63
         5        -0.0153       -9772.09
         5         -0.015       -10444.4
         5        -0.0147       -11158.9
         5        -0.0144       -11918.2
         5        -0.0141       -12725.5
         5        -0.0138       -13583.9
         5        -0.0135       -14496.3
         5        -0.0132       -15466.3
         5        -0.0129       -16497.7
         5        -0.0126       -17594.4
         5        -0.0123         -18761
         5         -0.012       -20002.8
         5        -0.0117       -21325.6
         5        -0.0114       -22736.1
         5        -0.0111       -24241.8
         5        -0.0108       -25851.3
         5        -0.0105       -27573.8
         5        -0.0102       -29420.3
         5        -0.0099       -31403.3
         5        -0.0096       -33537.4
         5        -0.0093       -35839.6
         5         -0.009       -38329.6
         5        -0.0087       -41031.2
         5        -0.0084       -43972.8
         5        -0.0081       -47188.9
         5        -0.0078       -50722.1
         5        -0.0075       -54625.3
         5        -0.0072       -58966.2
         5        -0.0069       -63832.6
         5        -0.0066       -69342.4
         5        -0.0063       -75654.6
         5         -0.006       -82978.7
         5        -0.0057       -91514.8
         5        -0.0054        -100000
         5        -0.0051        -100000
         5        -0.0048        -100000
         5        -0.0045       -99773.7
         5        -0.0042         -97933
         5        -0.0039       -96198.5
         5        -0.0036       -94681.1
         5        -0.0033       -93385.3
         5         -0.003         -92292
         5        -0.0027       -91377.4
         5        -0.0024       -90612.6
         5        -0.0021       -89970.1
         5        -0.0018       -89428.3
         5        -0.0015       -88967.9
         5        -0.0012       -88576.7
         5        -0.0009       -88248.5
         5        -0.0006       -87987.9
         5        -0.0003       -87810.9
         5              0       -87758.3
         5         0.0003         -87849
         5         0.0006         -88050
         5         0.0009       -88334.9
         5         0.0012       -88680.5
         5         0.0015       -89081.2
         5         0.0018       -89539.5
         5         0.0021       -90065.1
         5         0.0024       -90682.1
         5         0.0027       -91425.6
         5          0.003       -92325.9
         5         0.0033       -93408.4
         5         0.0036       -94695.9
         5         0.0039       -96206.2
         5         0.0042       -97935.5
         5         0.0045       -99772.6
         5         0.0048        -100000
         5         0.0051        -100000
         5         0.0054        -100000
         5         0.0057         -91514
         5          0.006       -82970.1
         5         0.0063         -75647
         5         0.0066       -69338.6
         5         0.0069       -63833.8
         5         0.0072       -58972.5
         5         0.0075         -54637
         5         0.0078       -50739.1
         5         0.0081       -47210.9
         5         0.0084       -43998.7
         5         0.0087         -41060
         5          0.009       -38360.2
         5         0.0093       -35871.1
         5         0.0096       -33569.1
         5         0.0099       -31434.4
         5         0.0102       -29450.2
         5         0.0105       -27602.3
         5         0.0108       -25878.3
         5         0.0111       -24267.7
         5         0.0114       -22760.6
         5         0.0117       -21348.3
         5          0.012       -20023.3
         5         0.0123         -18779
         5         0.0126       -17609.6
         5         0.0129       -16510.3
         5         0.0132       -15476.7
         5         0.0135       -14504.9
         5         0.0138       -13591.1
         5         0.0141       -12731.9
         5         0.0144       -11923.9
         5         0.0147       -11163.9
         5          0.015       -10449.2
         5         0.0153       -9777.13
         5         0.0156       -9145.42
         5         0.0159       -8551.77
         5         0.0162       -7993.98
         5         0.0165       -7470.13
         5         0.0168       -6978.55
         5         0.0171       -6517.48
         5         0.0174       -6085.55
         5         0.0177       -5681.39
         5          0.018       -5303.74
         5         0.0183       -4951.14
         5         0.0186       -4622.53
         5         0.0189       -4316.97
         5         0.0192       -4033.78
         5         0.0195       -3772.85
         5         0.0198       -3534.91
         5         0.0201       -3326.06
         5         0.0204        -3134.5
         5         0.0207       -2954.02
         5          0.021       -2783.92
         5         0.0213       -2623.44
         5         0.0216       -2471.66
         5         0.0219       -2327.84
         5         0.0222       -2191.46
         5         0.0225       -2061.99
         5         0.0228       -1938.89
         5         0.0231       -1821.68
         5         0.0234       -1709.75
         5         0.0237       -1602.86
         5          0.024       -1500.54
         5         0.0243       -1402.48
         5         0.0246       -1308.36
         5         0.0249       -1217.84
         5         0.0252       -1130.71
         5         0.0255        -1046.6
         5         0.0258       -965.354
         5         0.0261       -886.695
         5         0.0264        -810.39
         5         0.0267       -736.235
         5          0.027       -664.106
         5         0.0273        -593.82
         5         0.0276       -525.208
         5         0.0279       -458.074
         5         0.0282       -392.256
         5         0.0285       -327.644
         5         0.0288        -264.13
         5         0.0291       -201.574
         5         0.0294       -139.858
         5         0.0297       -78.8793
         5           0.03       -18.5687
         5         0.0303              0
         5         0.0306              0
         5         0.0309              0
         5         0.0312              0
         5         0.0315              0
         5         0.0318              0
         5         0.0321              0
         5         0.0324              0
         5         0.0327              0
         5          0.033              0
         5         0.0333              0
         5         0.0336              0
         5         0.0339              0
         5         0.0342              0
         5         0.0345              0
         5         0.0348              0
         5         0.0351              0
         5         0.0354              0
         5         0.0357              0
         5          0.036              0
         5         0.0363              0
         5         0.0366              0
         5         0.0369              0
         5         0.0372              0
         5         0.0375              0
         5         0.0378              0
         5         0.0381              0
         5         0.0384              0
         5         0.0387              0
         5          0.039              0
         5         0.0393              0
         5         0.0396              0
         5         0.0399              0
         5         0.0402              0
         5         0.0405              0
         5         0.0408              0
         5         0.0411              0
         5         0.0414              0
         5         0.0417              0
         5          0.042              0
         5         0.0423              0
         5         0.0426              0
         5         0.0429              0
         5         0.0432              0
         5         0.0435              0
         5         0.0438              0
         5         0.0441              0
         5         0.0444              0
         5         0.0447              0
         5          0.045              0
         5         0.0453              0
         5         0.0456              0
         5         0.0459              0
         5         0.0462              0
         5         0.0465              0
         5         0.0468              0
         5         0.0471              0
         5         0.0474              0
         5         0.0477              0
