# r (m)    potential (V)
        -0.048              0
       -0.0477              0
       -0.0474              0
       -0.0471              0
       -0.0468              0
       -0.0465              0
       -0.0462              0
       -0.0459              0
       -0.0456              0
       -0.0453              0
        -0.045              0
       -0.0447              0
       -0.0444              0
       -0.0441              0
       -0.0438              0
       -0.0435              0
       -0.0432              0
       -0.0429              0
       -0.0426              0
       -0.0423              0
        -0.042              0
       -0.0417              0
       -0.0414              0
       -0.0411              0
       -0.0408              0
       -0.0405              0
       -0.0402              0
       -0.0399              0
       -0.0396              0
       -0.0393              0
        -0.039              0
       -0.0387              0
       -0.0384              0
       -0.0381              0
       -0.0378              0
       -0.0375              0
       -0.0372              0
       -0.0369              0
       -0.0366              0
       -0.0363              0
        -0.036              0
       -0.0357              0
       -0.0354              0
       -0.0351              0
       -0.0348              0
       -0.0345              0
       -0.0342              0
       -0.0339              0
       -0.0336              0
       -0.0333              0
        -0.033              0
       -0.0327              0
       -0.0324              0
       -0.0321              0
       -0.0318              0
       -0.0315              0
       -0.0312              0
       -0.0309              0
       -0.0306              0
       -0.0303              0
         -0.03       -15.9023
       -0.0297        -67.537
       -0.0294       -119.685
       -0.0291       -172.398
       -0.0288       -225.741
       -0.0285       -279.787
       -0.0282       -334.616
       -0.0279       -390.313
       -0.0276       -446.967
       -0.0273       -504.674
        -0.027       -563.532
       -0.0267       -623.647
       -0.0264       -685.129
       -0.0261       -748.095
       -0.0258       -812.667
       -0.0255       -878.977
       -0.0252       -947.163
       -0.0249       -1017.37
       -0.0246       -1089.76
       -0.0243       -1164.49
        -0.024       -1241.73
       -0.0237       -1321.69
       -0.0234       -1404.54
       -0.0231       -1490.51
       -0.0228       -1579.81
       -0.0225       -1672.68
       -0.0222       -1769.36
       -0.0219       -1870.11
       -0.0216        -1975.2
       -0.0213       -2084.92
        -0.021       -2199.57
       -0.0207       -2319.48
       -0.0204       -2444.96
       -0.0201       -2576.37
       -0.0198       -2714.07
       -0.0195       -2858.43
       -0.0192       -3009.85
       -0.0189       -3168.73
       -0.0186       -3335.49
       -0.0183       -3510.57
        -0.018       -3694.42
       -0.0177       -3887.51
       -0.0174       -4090.32
       -0.0171       -4303.37
       -0.0168       -4527.19
       -0.0165       -4762.31
       -0.0162       -5009.34
       -0.0159       -5268.88
       -0.0156       -5541.59
       -0.0153       -5828.15
        -0.015        -6129.3
       -0.0147       -6445.86
       -0.0144       -6778.66
       -0.0141       -7128.65
       -0.0138       -7496.83
       -0.0135       -7884.32
       -0.0132       -8292.34
       -0.0129       -8722.23
       -0.0126       -9175.47
       -0.0123       -9653.72
        -0.012       -10158.8
       -0.0117       -10692.9
       -0.0114       -11258.1
       -0.0111       -11857.2
       -0.0108       -12493.2
       -0.0105       -13169.4
       -0.0102       -13889.6
       -0.0099       -14658.4
       -0.0096       -15480.9
       -0.0093       -16363.2
        -0.009       -17312.3
       -0.0087       -18336.7
       -0.0084       -19446.4
       -0.0081       -20653.8
       -0.0078         -21974
       -0.0075       -23425.8
       -0.0072       -25033.4
       -0.0069       -26828.2
       -0.0066         -28852
       -0.0063       -31161.3
        -0.006       -33830.6
       -0.0057       -36929.8
       -0.0054         -40000
       -0.0051         -40000
       -0.0048         -40000
       -0.0045       -39932.9
       -0.0042         -39389
       -0.0039       -38888.7
       -0.0036       -38467.9
       -0.0033       -38127.5
        -0.003       -37860.2
       -0.0027       -37656.6
       -0.0024         -37507
       -0.0021       -37401.8
       -0.0018       -37332.3
       -0.0015       -37289.9
       -0.0012         -37267
       -0.0009         -37257
       -0.0006       -37254.1
       -0.0003       -37254.1
             0       -37254.4
        0.0003       -37254.1
        0.0006       -37254.1
        0.0009       -37256.9
        0.0012         -37267
        0.0015       -37289.8
        0.0018       -37332.1
        0.0021       -37401.7
        0.0024       -37506.8
        0.0027       -37656.4
         0.003       -37859.9
        0.0033       -38127.1
        0.0036       -38467.4
        0.0039       -38888.2
        0.0042       -39388.5
        0.0045       -39932.5
        0.0048         -40000
        0.0051         -40000
        0.0054         -40000
        0.0057       -36934.8
         0.006       -33834.3
        0.0063       -31165.1
        0.0066       -28855.8
        0.0069       -26832.2
        0.0072       -25037.6
        0.0075       -23430.2
        0.0078       -21978.6
        0.0081       -20658.7
        0.0084       -19451.6
        0.0087       -18342.2
         0.009       -17318.3
        0.0093       -16369.6
        0.0096       -15487.9
        0.0099       -14665.9
        0.0102       -13897.7
        0.0105       -13178.1
        0.0108       -12502.6
        0.0111       -11867.3
        0.0114         -11269
        0.0117       -10704.4
         0.012       -10171.2
        0.0123       -9666.89
        0.0126       -9189.44
        0.0129       -8737.01
        0.0132       -8307.94
        0.0135       -7900.72
        0.0138       -7514.02
        0.0141        -7146.6
        0.0144       -6797.34
        0.0147       -6465.23
         0.015       -6149.33
        0.0153       -5848.76
        0.0156       -5562.73
        0.0159       -5290.49
        0.0162       -5031.34
        0.0165       -4784.63
        0.0168       -4549.74
        0.0171       -4326.08
        0.0174       -4113.11
        0.0177       -3910.28
         0.018        -3717.1
        0.0183       -3533.08
        0.0186       -3357.76
        0.0189       -3190.68
        0.0192       -3031.42
        0.0195       -2879.55
        0.0198       -2734.69
        0.0201       -2596.44
        0.0204       -2464.44
        0.0207       -2338.32
         0.021       -2217.76
        0.0213       -2102.42
        0.0216          -1992
        0.0219       -1886.19
        0.0222       -1784.72
        0.0225       -1687.32
        0.0228       -1593.73
        0.0231       -1503.71
        0.0234       -1417.02
        0.0237       -1333.46
         0.024       -1252.81
        0.0243       -1174.88
        0.0246       -1099.49
        0.0249       -1026.45
        0.0252       -955.601
        0.0255       -886.795
        0.0258        -819.88
        0.0261       -754.719
        0.0264        -691.18
        0.0267        -629.14
         0.027       -568.481
        0.0273       -509.094
        0.0276       -450.871
        0.0279       -393.713
        0.0282       -337.524
        0.0285       -282.213
        0.0288       -227.695
        0.0291       -173.887
        0.0294       -120.717
        0.0297       -68.1188
          0.03       -16.0392
        0.0303              0
        0.0306              0
        0.0309              0
        0.0312              0
        0.0315              0
        0.0318              0
        0.0321              0
        0.0324              0
        0.0327              0
         0.033              0
        0.0333              0
        0.0336              0
        0.0339              0
        0.0342              0
        0.0345              0
        0.0348              0
        0.0351              0
        0.0354              0
        0.0357              0
         0.036              0
        0.0363              0
        0.0366              0
        0.0369              0
        0.0372              0
        0.0375              0
        0.0378              0
        0.0381              0
        0.0384              0
        0.0387              0
         0.039              0
        0.0393              0
        0.0396              0
        0.0399              0
        0.0402              0
        0.0405              0
        0.0408              0
        0.0411              0
        0.0414              0
        0.0417              0
         0.042              0
        0.0423              0
        0.0426              0
        0.0429              0
        0.0432              0
        0.0435              0
        0.0438              0
        0.0441              0
        0.0444              0
        0.0447              0
         0.045              0
        0.0453              0
        0.0456              0
        0.0459              0
        0.0462              0
        0.0465              0
        0.0468              0
        0.0471              0
        0.0474              0
        0.0477              0
