# iteration    r (m)    potential (V)
         1         -0.048              0
         1        -0.0477              0
         1        -0.0474              0
         1        -0.0471              0
         1        -0.0468              0
         1        -0.0465              0
         1        -0.0462              0
         1        -0.0459              0
         1        -0.0456              0
         1        -0.0453              0
         1         -0.045              0
         1        -0.0447              0
         1        -0.0444              0
         1        -0.0441              0
         1        -0.0438              0
         1        -0.0435              0
         1        -0.0432              0
         1        -0.0429              0
         1        -0.0426              0
         1        -0.0423              0
         1         -0.042              0
         1        -0.0417              0
         1        -0.0414              0
         1        -0.0411              0
         1        -0.0408              0
         1        -0.0405              0
         1        -0.0402              0
         1        -0.0399              0
         1        -0.0396              0
         1        -0.0393              0
         1         -0.039              0
         1        -0.0387              0
         1        -0.0384              0
         1        -0.0381              0
         1        -0.0378              0
         1        -0.0375              0
         1        -0.0372              0
         1        -0.0369              0
         1        -0.0366              0
         1        -0.0363              0
         1         -0.036              0
         1        -0.0357              0
         1        -0.0354              0
         1        -0.0351              0
         1        -0.0348              0
         1        -0.0345              0
         1        -0.0342              0
         1        -0.0339              0
         1        -0.0336              0
         1        -0.0333              0
         1         -0.033              0
         1        -0.0327              0
         1        -0.0324              0
         1        -0.0321              0
         1        -0.0318              0
         1        -0.0315              0
         1        -0.0312              0
         1        -0.0309              0
         1        -0.0306              0
         1        -0.0303              0
         1          -0.03         -39.76
         1        -0.0297       -168.861
         1        -0.0294       -299.246
         1        -0.0291       -431.045
         1        -0.0288       -564.419
         1        -0.0285       -699.552
         1        -0.0282       -836.644
         1        -0.0279       -975.904
         1        -0.0276       -1117.56
         1        -0.0273       -1261.84
         1         -0.027          -1409
         1        -0.0267       -1559.31
         1        -0.0264       -1713.03
         1        -0.0261       -1870.45
         1        -0.0258        -2031.9
         1        -0.0255        -2197.7
         1        -0.0252       -2368.18
         1        -0.0249       -2543.73
         1        -0.0246       -2724.72
         1        -0.0243       -2911.57
         1         -0.024       -3104.72
         1        -0.0237       -3304.64
         1        -0.0234        -3511.8
         1        -0.0231       -3726.74
         1        -0.0228       -3950.01
         1        -0.0225       -4182.19
         1        -0.0222       -4423.89
         1        -0.0219       -4675.77
         1        -0.0216        -4938.5
         1        -0.0213       -5212.81
         1         -0.021       -5499.46
         1        -0.0207       -5799.23
         1        -0.0204       -6112.95
         1        -0.0201        -6441.5
         1        -0.0198       -6785.76
         1        -0.0195       -7146.68
         1        -0.0192       -7525.23
         1        -0.0189       -7922.43
         1        -0.0186       -8339.34
         1        -0.0183       -8777.03
         1         -0.018       -9236.64
         1        -0.0177       -9719.34
         1        -0.0174       -10226.4
         1        -0.0171         -10759
         1        -0.0168       -11318.5
         1        -0.0165       -11906.3
         1        -0.0162       -12523.8
         1        -0.0159       -13172.7
         1        -0.0156       -13854.4
         1        -0.0153       -14570.8
         1         -0.015       -15323.7
         1        -0.0147       -16115.1
         1        -0.0144       -16947.1
         1        -0.0141         -17822
         1        -0.0138       -18742.5
         1        -0.0135       -19711.2
         1        -0.0132       -20731.2
         1        -0.0129       -21805.9
         1        -0.0126         -22939
         1        -0.0123       -24134.6
         1         -0.012       -25397.4
         1        -0.0117       -26732.4
         1        -0.0114       -28145.6
         1        -0.0111       -29643.4
         1        -0.0108       -31233.3
         1        -0.0105       -32923.7
         1        -0.0102       -34724.3
         1        -0.0099       -36646.3
         1        -0.0096       -38702.6
         1        -0.0093       -40908.2
         1         -0.009         -43281
         1        -0.0087       -45841.9
         1        -0.0084       -48616.3
         1        -0.0081       -51634.8
         1        -0.0078       -54935.2
         1        -0.0075       -58564.8
         1        -0.0072       -62583.8
         1        -0.0069       -67070.7
         1        -0.0066       -72130.1
         1        -0.0063       -77903.5
         1         -0.006       -84576.5
         1        -0.0057       -92324.5
         1        -0.0054        -100000
         1        -0.0051        -100000
         1        -0.0048        -100000
         1        -0.0045       -99832.2
         1        -0.0042       -98472.6
         1        -0.0039       -97221.7
         1        -0.0036       -96169.6
         1        -0.0033       -95318.8
         1         -0.003       -94650.6
         1        -0.0027       -94141.6
         1        -0.0024       -93767.5
         1        -0.0021       -93504.6
         1        -0.0018       -93330.7
         1        -0.0015       -93224.7
         1        -0.0012       -93167.6
         1        -0.0009       -93142.5
         1        -0.0006       -93135.2
         1        -0.0003       -93135.3
         1              0       -93136.1
         1         0.0003       -93135.3
         1         0.0006       -93135.2
         1         0.0009       -93142.4
         1         0.0012       -93167.5
         1         0.0015       -93224.5
         1         0.0018       -93330.4
         1         0.0021       -93504.2
         1         0.0024         -93767
         1         0.0027         -94141
         1          0.003       -94649.8
         1         0.0033       -95317.8
         1         0.0036       -96168.5
         1         0.0039       -97220.5
         1         0.0042       -98471.4
         1         0.0045       -99831.1
         1         0.0048        -100000
         1         0.0051        -100000
         1         0.0054        -100000
         1         0.0057         -92337
         1          0.006       -84585.8
         1         0.0063       -77912.7
         1         0.0066       -72139.6
         1         0.0069       -67080.6
         1         0.0072       -62594.1
         1         0.0075       -58575.6
         1         0.0078       -54946.6
         1         0.0081       -51646.9
         1         0.0084       -48629.2
         1         0.0087       -45855.8
         1          0.009       -43295.9
         1         0.0093       -40924.4
         1         0.0096         -38720
         1         0.0099       -36665.1
         1         0.0102       -34744.6
         1         0.0105       -32945.5
         1         0.0108       -31256.8
         1         0.0111       -29668.7
         1         0.0114       -28172.7
         1         0.0117       -26761.4
         1          0.012       -25428.3
         1         0.0123       -24167.6
         1         0.0126         -22974
         1         0.0129       -21842.9
         1         0.0132       -20770.2
         1         0.0135       -19752.2
         1         0.0138       -18785.5
         1         0.0141       -17866.9
         1         0.0144       -16993.8
         1         0.0147       -16163.5
         1          0.015       -15373.8
         1         0.0153       -14622.4
         1         0.0156       -13907.3
         1         0.0159       -13226.7
         1         0.0162       -12578.9
         1         0.0165       -11962.1
         1         0.0168       -11374.9
         1         0.0171       -10815.8
         1         0.0174       -10283.4
         1         0.0177       -9776.31
         1          0.018       -9293.38
         1         0.0183       -8833.34
         1         0.0186       -8395.04
         1         0.0189       -7977.34
         1         0.0192       -7579.18
         1         0.0195       -7199.51
         1         0.0198       -6837.34
         1         0.0201        -6491.7
         1         0.0204       -6161.68
         1         0.0207       -5846.39
         1          0.021       -5544.97
         1         0.0213       -5256.62
         1         0.0216       -4980.55
         1         0.0219       -4716.03
         1         0.0222       -4462.35
         1         0.0225       -4218.84
         1         0.0228       -3984.85
         1         0.0231       -3759.77
         1         0.0234       -3543.04
         1         0.0237       -3334.11
         1          0.024       -3132.46
         1         0.0243        -2937.6
         1         0.0246       -2749.08
         1         0.0249       -2566.45
         1         0.0252       -2389.31
         1         0.0255       -2217.27
         1         0.0258       -2049.96
         1         0.0261       -1887.04
         1         0.0264       -1728.18
         1         0.0267       -1573.06
         1          0.027        -1421.4
         1         0.0273       -1272.91
         1         0.0276       -1127.34
         1         0.0279       -984.421
         1         0.0282       -843.927
         1         0.0285       -705.628
         1         0.0288       -569.311
         1         0.0291       -434.773
         1         0.0294        -301.83
         1         0.0297       -170.317
         1           0.03       -40.1027
         1         0.0303              0
         1         0.0306              0
         1         0.0309              0
         1         0.0312              0
         1         0.0315              0
         1         0.0318              0
         1         0.0321              0
         1         0.0324              0
         1         0.0327              0
         1          0.033              0
         1         0.0333              0
         1         0.0336              0
         1         0.0339              0
         1         0.0342              0
         1         0.0345              0
         1         0.0348              0
         1         0.0351              0
         1         0.0354              0
         1         0.0357              0
         1          0.036              0
         1         0.0363              0
         1         0.0366              0
         1         0.0369              0
         1         0.0372              0
         1         0.0375              0
         1         0.0378              0
         1         0.0381              0
         1         0.0384              0
         1         0.0387              0
         1          0.039              0
         1         0.0393              0
         1         0.0396              0
         1         0.0399              0
         1         0.0402              0
         1         0.0405              0
         1         0.0408              0
         1         0.0411              0
         1         0.0414              0
         1         0.0417              0
         1          0.042              0
         1         0.0423              0
         1         0.0426              0
         1         0.0429              0
         1         0.0432              0
         1         0.0435              0
         1         0.0438              0
         1         0.0441              0
         1         0.0444              0
         1         0.0447              0
         1          0.045              0
         1         0.0453              0
         1         0.0456              0
         1         0.0459              0
         1         0.0462              0
         1         0.0465              0
         1         0.0468              0
         1         0.0471              0
         1         0.0474              0
         1         0.0477              0
         2         -0.048              0
         2        -0.0477              0
         2        -0.0474              0
         2        -0.0471              0
         2        -0.0468              0
         2        -0.0465              0
         2        -0.0462              0
         2        -0.0459              0
         2        -0.0456              0
         2        -0.0453              0
         2         -0.045              0
         2        -0.0447              0
         2        -0.0444              0
         2        -0.0441              0
         2        -0.0438              0
         2        -0.0435              0
         2        -0.0432              0
         2        -0.0429              0
         2        -0.0426              0
         2        -0.0423              0
         2         -0.042              0
         2        -0.0417              0
         2        -0.0414              0
         2        -0.0411              0
         2        -0.0408              0
         2        -0.0405              0
         2        -0.0402              0
         2        -0.0399              0
         2        -0.0396              0
         2        -0.0393              0
         2         -0.039              0
         2        -0.0387              0
         2        -0.0384              0
         2        -0.0381              0
         2        -0.0378              0
         2        -0.0375              0
         2        -0.0372              0
         2        -0.0369              0
         2        -0.0366              0
         2        -0.0363              0
         2         -0.036              0
         2        -0.0357              0
         2        -0.0354              0
         2        -0.0351              0
         2        -0.0348              0
         2        -0.0345              0
         2        -0.0342              0
         2        -0.0339              0
         2        -0.0336              0
         2        -0.0333              0
         2         -0.033              0
         2        -0.0327              0
         2        -0.0324              0
         2        -0.0321              0
         2        -0.0318              0
         2        -0.0315              0
         2        -0.0312              0
         2        -0.0309              0
         2        -0.0306              0
         2        -0.0303              0
         2          -0.03        -42.178
         2        -0.0297       -179.128
         2        -0.0294       -317.427
         2        -0.0291       -457.204
         2        -0.0288       -598.618
         2        -0.0285       -741.855
         2        -0.0282       -887.114
         2        -0.0279       -1034.61
         2        -0.0276       -1184.57
         2        -0.0273       -1337.23
         2         -0.027       -1492.85
         2        -0.0267       -1651.69
         2        -0.0264       -1814.03
         2        -0.0261       -1980.17
         2        -0.0258       -2150.43
         2        -0.0255       -2325.14
         2        -0.0252       -2504.65
         2        -0.0249       -2689.34
         2        -0.0246       -2879.61
         2        -0.0243       -3075.87
         2         -0.024       -3278.58
         2        -0.0237       -3488.21
         2        -0.0234       -3705.27
         2        -0.0231       -3930.29
         2        -0.0228       -4163.82
         2        -0.0225       -4406.48
         2        -0.0222       -4658.89
         2        -0.0219       -4921.72
         2        -0.0216       -5195.67
         2        -0.0213       -5481.47
         2         -0.021        -5779.9
         2        -0.0207       -6091.77
         2        -0.0204       -6417.92
         2        -0.0201       -6759.25
         2        -0.0198       -7116.66
         2        -0.0195       -7491.12
         2        -0.0192       -7883.62
         2        -0.0189       -8295.18
         2        -0.0186       -8726.88
         2        -0.0183       -9179.81
         2         -0.018       -9655.11
         2        -0.0177         -10154
         2        -0.0174       -10677.6
         2        -0.0171       -11227.3
         2        -0.0168       -11804.3
         2        -0.0165         -12410
         2        -0.0162         -13046
         2        -0.0159       -13713.6
         2        -0.0156       -14414.5
         2        -0.0153       -15150.4
         2         -0.015       -15923.1
         2        -0.0147       -16734.6
         2        -0.0144       -17586.9
         2        -0.0141       -18482.3
         2        -0.0138       -19423.3
         2        -0.0135       -20412.5
         2        -0.0132         -21453
         2        -0.0129         -22548
         2        -0.0126         -23701
         2        -0.0123       -24916.2
         2         -0.012         -26198
         2        -0.0117       -27551.3
         2        -0.0114       -28981.8
         2        -0.0111       -30495.9
         2        -0.0108       -32100.6
         2        -0.0105       -33804.1
         2        -0.0102       -35615.9
         2        -0.0099       -37546.6
         2        -0.0096       -39608.7
         2        -0.0093       -41816.8
         2         -0.009       -44187.9
         2        -0.0087       -46742.2
         2        -0.0084       -49504.2
         2        -0.0081       -52503.2
         2        -0.0078       -55775.8
         2        -0.0075       -59367.2
         2        -0.0072       -63335.6
         2        -0.0069       -67756.5
         2        -0.0066       -72730.9
         2        -0.0063       -78395.4
         2         -0.006         -84930
         2        -0.0057       -92504.8
         2        -0.0054        -100000
         2        -0.0051        -100000
         2        -0.0048        -100000
         2        -0.0045       -99844.2
         2        -0.0042       -98581.3
         2        -0.0039       -97419.9
         2        -0.0036       -96443.6
         2        -0.0033       -95654.5
         2         -0.003         -95035
         2        -0.0027       -94563.2
         2        -0.0024       -94216.4
         2        -0.0021       -93972.6
         2        -0.0018         -93811
         2        -0.0015       -93712.3
         2        -0.0012       -93658.6
         2        -0.0009       -93634.5
         2        -0.0006       -93626.9
         2        -0.0003         -93626
         2              0       -93625.8
         2         0.0003       -93624.1
         2         0.0006       -93623.2
         2         0.0009       -93629.1
         2         0.0012       -93651.8
         2         0.0015       -93704.2
         2         0.0018         -93802
         2         0.0021       -93962.9
         2         0.0024       -94206.5
         2         0.0027       -94553.4
         2          0.003       -95025.6
         2         0.0033       -95645.9
         2         0.0036       -96436.3
         2         0.0039       -97414.2
         2         0.0042       -98577.7
         2         0.0045       -99842.9
         2         0.0048        -100000
         2         0.0051        -100000
         2         0.0054        -100000
         2         0.0057       -92510.1
         2          0.006       -84925.4
         2         0.0063       -78385.1
         2         0.0066       -72716.2
         2         0.0069       -67738.4
         2         0.0072       -63314.8
         2         0.0075       -59344.4
         2         0.0078       -55751.4
         2         0.0081       -52477.9
         2         0.0084       -49478.4
         2         0.0087       -46716.4
         2          0.009       -44162.3
         2         0.0093       -41791.9
         2         0.0096       -39584.9
         2         0.0099         -37524
         2         0.0102       -35594.9
         2         0.0105       -33784.9
         2         0.0108       -32083.3
         2         0.0111       -30480.8
         2         0.0114       -28969.2
         2         0.0117       -27541.2
         2          0.012       -26190.6
         2         0.0123       -24911.6
         2         0.0126       -23699.3
         2         0.0129       -22549.2
         2         0.0132       -21457.2
         2         0.0135       -20419.7
         2         0.0138       -19433.4
         2         0.0141       -18495.4
         2         0.0144       -17602.8
         2         0.0147       -16753.3
         2          0.015       -15944.5
         2         0.0153       -15174.3
         2         0.0156       -14440.8
         2         0.0159         -13742
         2         0.0162       -13076.3
         2         0.0165       -12442.1
         2         0.0168       -11837.9
         2         0.0171       -11262.1
         2         0.0174       -10713.5
         2         0.0177       -10190.7
         2          0.018       -9692.39
         2         0.0183       -9217.42
         2         0.0186        -8764.6
         2         0.0189       -8332.81
         2         0.0192       -7920.95
         2         0.0195       -7527.97
         2         0.0198       -7152.87
         2         0.0201       -6794.66
         2         0.0204       -6452.42
         2         0.0207       -6125.23
         2          0.021       -5812.23
         2         0.0213        -5512.6
         2         0.0216       -5225.53
         2         0.0219       -4950.27
         2         0.0222        -4686.1
         2         0.0225       -4432.32
         2         0.0228       -4188.29
         2         0.0231       -3953.39
         2         0.0234       -3727.02
         2         0.0237       -3508.62
         2          0.024       -3297.68
         2         0.0243       -3093.68
         2         0.0246       -2896.17
         2         0.0249        -2704.7
         2         0.0252       -2518.83
         2         0.0255       -2338.19
         2         0.0258       -2162.39
         2         0.0261       -1991.09
         2         0.0264       -1823.94
         2         0.0267       -1660.63
         2          0.027       -1500.86
         2         0.0273       -1344.35
         2         0.0276       -1190.82
         2         0.0279       -1040.03
         2         0.0282       -891.731
         2         0.0285       -745.693
         2         0.0288       -601.699
         2         0.0291       -459.546
         2         0.0294       -319.047
         2         0.0297        -180.04
         2           0.03       -42.3926
         2         0.0303              0
         2         0.0306              0
         2         0.0309              0
         2         0.0312              0
         2         0.0315              0
         2         0.0318              0
         2         0.0321              0
         2         0.0324              0
         2         0.0327              0
         2          0.033              0
         2         0.0333              0
         2         0.0336              0
         2         0.0339              0
         2         0.0342              0
         2         0.0345              0
         2         0.0348              0
         2         0.0351              0
         2         0.0354              0
         2         0.0357              0
         2          0.036              0
         2         0.0363              0
         2         0.0366              0
         2         0.0369              0
         2         0.0372              0
         2         0.0375              0
         2         0.0378              0
         2         0.0381              0
         2         0.0384              0
         2         0.0387              0
         2          0.039              0
         2         0.0393              0
         2         0.0396              0
         2         0.0399              0
         2         0.0402              0
         2         0.0405              0
         2         0.0408              0
         2         0.0411              0
         2         0.0414              0
         2         0.0417              0
         2          0.042              0
         2         0.0423              0
         2         0.0426              0
         2         0.0429              0
         2         0.0432              0
         2         0.0435              0
         2         0.0438              0
         2         0.0441              0
         2         0.0444              0
         2         0.0447              0
         2          0.045              0
         2         0.0453              0
         2         0.0456              0
         2         0.0459              0
         2         0.0462              0
         2         0.0465              0
         2         0.0468              0
         2         0.0471              0
         2         0.0474              0
         2         0.0477              0
         3         -0.048              0
         3        -0.0477              0
         3        -0.0474              0
         3        -0.0471              0
         3        -0.0468              0
         3        -0.0465              0
         3        -0.0462              0
         3        -0.0459              0
         3        -0.0456              0
         3        -0.0453              0
         3         -0.045              0
         3        -0.0447              0
         3        -0.0444              0
         3        -0.0441              0
         3        -0.0438              0
         3        -0.0435              0
         3        -0.0432              0
         3        -0.0429              0
         3        -0.0426              0
         3        -0.0423              0
         3         -0.042              0
         3        -0.0417              0
         3        -0.0414              0
         3        -0.0411              0
         3        -0.0408              0
         3        -0.0405              0
         3        -0.0402              0
         3        -0.0399              0
         3        -0.0396              0
         3        -0.0393              0
         3         -0.039              0
         3        -0.0387              0
         3        -0.0384              0
         3        -0.0381              0
         3        -0.0378              0
         3        -0.0375              0
         3        -0.0372              0
         3        -0.0369              0
         3        -0.0366              0
         3        -0.0363              0
         3         -0.036              0
         3        -0.0357              0
         3        -0.0354              0
         3        -0.0351              0
         3        -0.0348              0
         3        -0.0345              0
         3        -0.0342              0
         3        -0.0339              0
         3        -0.0336              0
         3        -0.0333              0
         3         -0.033              0
         3        -0.0327              0
         3        -0.0324              0
         3        -0.0321              0
         3        -0.0318              0
         3        -0.0315              0
         3        -0.0312              0
         3        -0.0309              0
         3        -0.0306              0
         3        -0.0303              0
         3          -0.03        -41.924
         3        -0.0297        -178.05
         3        -0.0294       -315.522
         3        -0.0291        -454.47
         3        -0.0288       -595.057
         3        -0.0285        -737.47
         3        -0.0282       -881.911
         3        -0.0279        -1028.6
         3        -0.0276       -1177.75
         3        -0.0273       -1329.63
         3         -0.027       -1484.47
         3        -0.0267       -1642.54
         3        -0.0264       -1804.14
         3        -0.0261       -1969.55
         3        -0.0258        -2139.1
         3        -0.0255       -2313.12
         3        -0.0252       -2491.96
         3        -0.0249          -2676
         3        -0.0246       -2865.65
         3        -0.0243       -3061.32
         3         -0.024       -3263.46
         3        -0.0237       -3472.56
         3        -0.0234       -3689.11
         3        -0.0231       -3913.66
         3        -0.0228       -4146.77
         3        -0.0225       -4389.04
         3        -0.0222        -4641.1
         3        -0.0219       -4903.62
         3        -0.0216       -5177.31
         3        -0.0213       -5462.91
         3         -0.021       -5761.18
         3        -0.0207       -6072.95
         3        -0.0204       -6399.06
         3        -0.0201        -6740.4
         3        -0.0198       -7097.88
         3        -0.0195       -7472.47
         3        -0.0192       -7865.16
         3        -0.0189       -8276.98
         3        -0.0186       -8708.99
         3        -0.0183       -9162.29
         3         -0.018       -9638.02
         3        -0.0177       -10137.4
         3        -0.0174       -10661.5
         3        -0.0171       -11211.8
         3        -0.0168       -11789.4
         3        -0.0165       -12395.8
         3        -0.0162       -13032.5
         3        -0.0159       -13700.8
         3        -0.0156       -14402.5
         3        -0.0153       -15139.2
         3         -0.015       -15912.7
         3        -0.0147       -16724.9
         3        -0.0144         -17578
         3        -0.0141       -18474.2
         3        -0.0138       -19415.9
         3        -0.0135         -20406
         3        -0.0132       -21447.2
         3        -0.0129       -22542.9
         3        -0.0126       -23696.7
         3        -0.0123       -24912.6
         3         -0.012       -26195.1
         3        -0.0117       -27549.1
         3        -0.0114       -28980.3
         3        -0.0111       -30494.9
         3        -0.0108       -32100.3
         3        -0.0105       -33804.5
         3        -0.0102       -35616.8
         3        -0.0099       -37548.1
         3        -0.0096       -39610.8
         3        -0.0093       -41819.4
         3         -0.009         -44191
         3        -0.0087       -46745.8
         3        -0.0084       -49508.2
         3        -0.0081       -52507.7
         3        -0.0078       -55780.5
         3        -0.0075       -59372.2
         3        -0.0072       -63340.6
         3        -0.0069       -67761.4
         3        -0.0066       -72735.4
         3        -0.0063       -78399.4
         3         -0.006         -84933
         3        -0.0057       -92506.4
         3        -0.0054        -100000
         3        -0.0051        -100000
         3        -0.0048        -100000
         3        -0.0045       -99844.3
         3        -0.0042       -98582.7
         3        -0.0039       -97422.4
         3        -0.0036         -96447
         3        -0.0033       -95658.6
         3         -0.003       -95039.7
         3        -0.0027       -94568.3
         3        -0.0024       -94221.7
         3        -0.0021       -93978.1
         3        -0.0018       -93816.6
         3        -0.0015       -93717.8
         3        -0.0012       -93664.1
         3        -0.0009       -93639.9
         3        -0.0006       -93632.2
         3        -0.0003       -93631.2
         3              0       -93630.9
         3         0.0003       -93629.1
         3         0.0006       -93628.1
         3         0.0009       -93633.9
         3         0.0012       -93656.4
         3         0.0015       -93708.7
         3         0.0018       -93806.3
         3         0.0021       -93967.1
         3         0.0024       -94210.4
         3         0.0027         -94557
         3          0.003       -95028.9
         3         0.0033       -95648.8
         3         0.0036       -96438.6
         3         0.0039       -97415.9
         3         0.0042       -98578.6
         3         0.0045         -99843
         3         0.0048        -100000
         3         0.0051        -100000
         3         0.0054        -100000
         3         0.0057         -92511
         3          0.006       -84927.2
         3         0.0063       -78387.5
         3         0.0066       -72718.9
         3         0.0069       -67741.2
         3         0.0072       -63317.6
         3         0.0075         -59347
         3         0.0078       -55753.9
         3         0.0081       -52480.1
         3         0.0084       -49480.2
         3         0.0087       -46717.9
         3          0.009       -44163.5
         3         0.0093       -41792.7
         3         0.0096       -39585.3
         3         0.0099       -37524.1
         3         0.0102       -35594.5
         3         0.0105       -33784.2
         3         0.0108       -32082.2
         3         0.0111       -30479.3
         3         0.0114       -28967.2
         3         0.0117       -27538.8
         3          0.012       -26187.7
         3         0.0123       -24908.2
         3         0.0126       -23695.4
         3         0.0129       -22544.7
         3         0.0132       -21452.1
         3         0.0135         -20414
         3         0.0138       -19427.1
         3         0.0141       -18488.4
         3         0.0144       -17595.1
         3         0.0147       -16744.9
         3          0.015       -15935.4
         3         0.0153       -15164.5
         3         0.0156       -14430.2
         3         0.0159       -13730.7
         3         0.0162       -13064.4
         3         0.0165       -12429.5
         3         0.0168       -11824.6
         3         0.0171       -11248.2
         3         0.0174         -10699
         3         0.0177       -10175.7
         3          0.018       -9676.93
         3         0.0183       -9201.54
         3         0.0186       -8748.35
         3         0.0189       -8316.24
         3         0.0192       -7904.12
         3         0.0195       -7510.94
         3         0.0198        -7135.7
         3         0.0201       -6777.41
         3         0.0204       -6435.13
         3         0.0207       -6107.97
         3          0.021       -5795.06
         3         0.0213       -5495.56
         3         0.0216       -5208.68
         3         0.0219       -4933.65
         3         0.0222       -4669.75
         3         0.0225        -4416.3
         3         0.0228       -4172.63
         3         0.0231       -3938.12
         3         0.0234       -3712.18
         3         0.0237       -3494.25
         3          0.024        -3283.8
         3         0.0243       -3080.33
         3         0.0246       -2883.37
         3         0.0249       -2692.46
         3         0.0252        -2507.2
         3         0.0255       -2327.17
         3         0.0258       -2152.01
         3         0.0261       -1981.35
         3         0.0264       -1814.87
         3         0.0267       -1652.24
         3          0.027       -1493.17
         3         0.0273       -1337.37
         3         0.0276       -1184.57
         3         0.0279       -1034.51
         3         0.0282       -886.955
         3         0.0285       -741.666
         3         0.0288       -598.427
         3         0.0291       -457.034
         3         0.0294       -317.296
         3         0.0297       -179.049
         3           0.03        -42.159
         3         0.0303              0
         3         0.0306              0
         3         0.0309              0
         3         0.0312              0
         3         0.0315              0
         3         0.0318              0
         3         0.0321              0
         3         0.0324              0
         3         0.0327              0
         3          0.033              0
         3         0.0333              0
         3         0.0336              0
         3         0.0339              0
         3         0.0342              0
         3         0.0345              0
         3         0.0348              0
         3         0.0351              0
         3         0.0354              0
         3         0.0357              0
         3          0.036              0
         3         0.0363              0
         3         0.0366              0
         3         0.0369              0
         3         0.0372              0
         3         0.0375              0
         3         0.0378              0
         3         0.0381              0
         3         0.0384              0
         3         0.0387              0
         3          0.039              0
         3         0.0393              0
         3         0.0396              0
         3         0.0399              0
         3         0.0402              0
         3         0.0405              0
         3         0.0408              0
         3         0.0411              0
         3         0.0414              0
         3         0.0417              0
         3          0.042              0
         3         0.0423              0
         3         0.0426              0
         3         0.0429              0
         3         0.0432              0
         3         0.0435              0
         3         0.0438              0
         3         0.0441              0
         3         0.0444              0
         3         0.0447              0
         3          0.045              0
         3         0.0453              0
         3         0.0456              0
         3         0.0459              0
         3         0.0462              0
         3         0.0465              0
         3         0.0468              0
         3         0.0471              0
         3         0.0474              0
         3         0.0477              0
         4         -0.048              0
         4        -0.0477              0
         4        -0.0474              0
         4        -0.0471              0
         4        -0.0468              0
         4        -0.0465              0
         4        -0.0462              0
         4        -0.0459              0
         4        -0.0456              0
         4        -0.0453              0
         4         -0.045              0
         4        -0.0447              0
         4        -0.0444              0
         4        -0.0441              0
         4        -0.0438              0
         4        -0.0435              0
         4        -0.0432              0
         4        -0.0429              0
         4        -0.0426              0
         4        -0.0423              0
         4         -0.042              0
         4        -0.0417              0
         4        -0.0414              0
         4        -0.0411              0
         4        -0.0408              0
         4        -0.0405              0
         4        -0.0402              0
         4        -0.0399              0
         4        -0.0396              0
         4        -0.0393              0
         4         -0.039              0
         4        -0.0387              0
         4        -0.0384              0
         4        -0.0381              0
         4        -0.0378              0
         4        -0.0375              0
         4        -0.0372              0
         4        -0.0369              0
         4        -0.0366              0
         4        -0.0363              0
         4         -0.036              0
         4        -0.0357              0
         4        -0.0354              0
         4        -0.0351              0
         4        -0.0348              0
         4        -0.0345              0
         4        -0.0342              0
         4        -0.0339              0
         4        -0.0336              0
         4        -0.0333              0
         4         -0.033              0
         4        -0.0327              0
         4        -0.0324              0
         4        -0.0321              0
         4        -0.0318              0
         4        -0.0315              0
         4        -0.0312              0
         4        -0.0309              0
         4        -0.0306              0
         4        -0.0303              0
         4          -0.03       -41.9277
         4        -0.0297       -178.066
         4        -0.0294       -315.549
         4        -0.0291       -454.509
         4        -0.0288       -595.109
         4        -0.0285       -737.534
         4        -0.0282       -881.987
         4        -0.0279       -1028.69
         4        -0.0276       -1177.86
         4        -0.0273       -1329.74
         4         -0.027       -1484.59
         4        -0.0267       -1642.68
         4        -0.0264       -1804.29
         4        -0.0261       -1969.72
         4        -0.0258       -2139.29
         4        -0.0255       -2313.32
         4        -0.0252       -2492.18
         4        -0.0249       -2676.25
         4        -0.0246       -2865.91
         4        -0.0243       -3061.61
         4         -0.024       -3263.78
         4        -0.0237       -3472.91
         4        -0.0234       -3689.49
         4        -0.0231       -3914.07
         4        -0.0228       -4147.22
         4        -0.0225       -4389.52
         4        -0.0222       -4641.62
         4        -0.0219       -4904.19
         4        -0.0216       -5177.92
         4        -0.0213       -5463.56
         4         -0.021       -5761.88
         4        -0.0207       -6073.69
         4        -0.0204       -6399.84
         4        -0.0201       -6741.21
         4        -0.0198       -7098.72
         4        -0.0195       -7473.33
         4        -0.0192       -7866.04
         4        -0.0189       -8277.85
         4        -0.0186       -8709.85
         4        -0.0183       -9163.12
         4         -0.018       -9638.81
         4        -0.0177       -10138.1
         4        -0.0174       -10662.2
         4        -0.0171       -11212.3
         4        -0.0168       -11789.9
         4        -0.0165       -12396.2
         4        -0.0162       -13032.7
         4        -0.0159         -13701
         4        -0.0156       -14402.5
         4        -0.0153       -15139.1
         4         -0.015       -15912.4
         4        -0.0147       -16724.5
         4        -0.0144       -17577.5
         4        -0.0141       -18473.6
         4        -0.0138       -19415.3
         4        -0.0135       -20405.2
         4        -0.0132       -21446.4
         4        -0.0129         -22542
         4        -0.0126       -23695.8
         4        -0.0123       -24911.7
         4         -0.012       -26194.1
         4        -0.0117       -27548.1
         4        -0.0114       -28979.3
         4        -0.0111         -30494
         4        -0.0108       -32099.4
         4        -0.0105       -33803.6
         4        -0.0102         -35616
         4        -0.0099       -37547.3
         4        -0.0096         -39610
         4        -0.0093       -41818.7
         4         -0.009       -44190.3
         4        -0.0087       -46745.2
         4        -0.0084       -49507.6
         4        -0.0081       -52507.1
         4        -0.0078         -55780
         4        -0.0075       -59371.7
         4        -0.0072       -63340.2
         4        -0.0069       -67761.1
         4        -0.0066       -72735.2
         4        -0.0063       -78399.2
         4         -0.006       -84932.9
         4        -0.0057       -92506.4
         4        -0.0054        -100000
         4        -0.0051        -100000
         4        -0.0048        -100000
         4        -0.0045       -99844.3
         4        -0.0042       -98582.7
         4        -0.0039       -97422.5
         4        -0.0036       -96447.1
         4        -0.0033       -95658.7
         4         -0.003       -95039.8
         4        -0.0027       -94568.4
         4        -0.0024       -94221.8
         4        -0.0021       -93978.2
         4        -0.0018       -93816.7
         4        -0.0015       -93717.9
         4        -0.0012       -93664.3
         4        -0.0009       -93640.1
         4        -0.0006       -93632.3
         4        -0.0003       -93631.4
         4              0         -93631
         4         0.0003       -93629.2
         4         0.0006       -93628.2
         4         0.0009         -93634
         4         0.0012       -93656.5
         4         0.0015       -93708.8
         4         0.0018       -93806.4
         4         0.0021       -93967.1
         4         0.0024       -94210.4
         4         0.0027       -94557.1
         4          0.003         -95029
         4         0.0033       -95648.8
         4         0.0036       -96438.6
         4         0.0039       -97415.9
         4         0.0042       -98578.6
         4         0.0045         -99843
         4         0.0048        -100000
         4         0.0051        -100000
         4         0.0054        -100000
         4         0.0057       -92510.9
         4          0.006       -84927.1
         4         0.0063       -78387.3
         4         0.0066       -72718.6
         4         0.0069       -67740.9
         4         0.0072       -63317.2
         4         0.0075       -59346.6
         4         0.0078       -55753.4
         4         0.0081       -52479.7
         4         0.0084       -49479.7
         4         0.0087       -46717.3
         4          0.009       -44162.9
         4         0.0093       -41792.1
         4         0.0096       -39584.6
         4         0.0099       -37523.3
         4         0.0102       -35593.7
         4         0.0105       -33783.3
         4         0.0108       -32081.3
         4         0.0111       -30478.4
         4         0.0114       -28966.3
         4         0.0117       -27537.8
         4          0.012       -26186.7
         4         0.0123       -24907.2
         4         0.0126       -23694.4
         4         0.0129       -22543.7
         4         0.0132       -21451.2
         4         0.0135       -20413.2
         4         0.0138       -19426.3
         4         0.0141       -18487.7
         4         0.0144       -17594.6
         4         0.0147       -16744.5
         4          0.015       -15935.1
         4         0.0153       -15164.4
         4         0.0156       -14430.2
         4         0.0159       -13730.9
         4         0.0162       -13064.7
         4         0.0165       -12429.9
         4         0.0168       -11825.2
         4         0.0171       -11248.9
         4         0.0174       -10699.8
         4         0.0177       -10176.5
         4          0.018       -9677.81
         4         0.0183       -9202.45
         4         0.0186       -8749.29
         4         0.0189       -8317.18
         4         0.0192       -7905.06
         4         0.0195       -7511.87
         4         0.0198        -7136.6
         4         0.0201       -6778.28
         4         0.0204       -6435.96
         4         0.0207       -6108.76
         4          0.021        -5795.8
         4         0.0213       -5496.25
         4         0.0216       -5209.31
         4         0.0219       -4934.24
         4         0.0222        -4670.3
         4         0.0225        -4416.8
         4         0.0228       -4173.09
         4         0.0231       -3938.54
         4         0.0234       -3712.56
         4         0.0237        -3494.6
         4          0.024       -3284.12
         4         0.0243       -3080.62
         4         0.0246       -2883.63
         4         0.0249        -2692.7
         4         0.0252       -2507.41
         4         0.0255       -2327.37
         4         0.0258       -2152.19
         4         0.0261       -1981.52
         4         0.0264       -1815.02
         4         0.0267       -1652.38
         4          0.027       -1493.29
         4         0.0273       -1337.48
         4         0.0276       -1184.67
         4         0.0279        -1034.6
         4         0.0282       -887.027
         4         0.0285       -741.726
         4         0.0288       -598.476
         4         0.0291       -457.071
         4         0.0294       -317.322
         4         0.0297       -179.064
         4           0.03       -42.1624
         4         0.0303              0
         4         0.0306              0
         4         0.0309              0
         4         0.0312              0
         4         0.0315              0
         4         0.0318              0
         4         0.0321              0
         4         0.0324              0
         4         0.0327              0
         4          0.033              0
         4         0.0333              0
         4         0.0336              0
         4         0.0339              0
         4         0.0342              0
         4         0.0345              0
         4         0.0348              0
         4         0.0351              0
         4         0.0354              0
         4         0.0357              0
         4          0.036              0
         4         0.0363              0
         4         0.0366              0
         4         0.0369              0
         4         0.0372              0
         4         0.0375              0
         4         0.0378              0
         4         0.0381              0
         4         0.0384              0
         4         0.0387              0
         4          0.039              0
         4         0.0393              0
         4         0.0396              0
         4         0.0399              0
         4         0.0402              0
         4         0.0405              0
         4         0.0408              0
         4         0.0411              0
         4         0.0414              0
         4         0.0417              0
         4          0.042              0
         4         0.0423              0
         4         0.0426              0
         4         0.0429              0
         4         0.0432              0
         4         0.0435              0
         4         0.0438              0
         4         0.0441              0
         4         0.0444              0
         4         0.0447              0
         4          0.045              0
         4         0.0453              0
         4         0.0456              0
         4         0.0459              0
         4         0.0462              0
         4         0.0465              0
         4         0.0468              0
         4         0.0471              0
         4         0.0474              0
         4         0.0477              0
         5         -0.048              0
         5        -0.0477              0
         5        -0.0474              0
         5        -0.0471              0
         5        -0.0468              0
         5        -0.0465              0
         5        -0.0462              0
         5        -0.0459              0
         5        -0.0456              0
         5        -0.0453              0
         5         -0.045              0
         5        -0.0447              0
         5        -0.0444              0
         5        -0.0441              0
         5        -0.0438              0
         5        -0.0435              0
         5        -0.0432              0
         5        -0.0429              0
         5        -0.0426              0
         5        -0.0423              0
         5         -0.042              0
         5        -0.0417              0
         5        -0.0414              0
         5        -0.0411              0
         5        -0.0408              0
         5        -0.0405              0
         5        -0.0402              0
         5        -0.0399              0
         5        -0.0396              0
         5        -0.0393              0
         5         -0.039              0
         5        -0.0387              0
         5        -0.0384              0
         5        -0.0381              0
         5        -0.0378              0
         5        -0.0375              0
         5        -0.0372              0
         5        -0.0369              0
         5        -0.0366              0
         5        -0.0363              0
         5         -0.036              0
         5        -0.0357              0
         5        -0.0354              0
         5        -0.0351              0
         5        -0.0348              0
         5        -0.0345              0
         5        -0.0342              0
         5        -0.0339              0
         5        -0.0336              0
         5        -0.0333              0
         5         -0.033              0
         5        -0.0327              0
         5        -0.0324              0
         5        -0.0321              0
         5        -0.0318              0
         5        -0.0315              0
         5        -0.0312              0
         5        -0.0309              0
         5        -0.0306              0
         5        -0.0303              0
         5          -0.03       -41.9299
         5        -0.0297       -178.075
         5        -0.0294       -315.566
         5        -0.0291       -454.533
         5        -0.0288        -595.14
         5        -0.0285       -737.573
         5        -0.0282       -882.034
         5        -0.0279       -1028.74
         5        -0.0276       -1177.92
         5        -0.0273       -1329.81
         5         -0.027       -1484.68
         5        -0.0267       -1642.77
         5        -0.0264       -1804.39
         5        -0.0261       -1969.83
         5        -0.0258       -2139.41
         5        -0.0255       -2313.46
         5        -0.0252       -2492.33
         5        -0.0249       -2676.41
         5        -0.0246       -2866.09
         5        -0.0243        -3061.8
         5         -0.024       -3263.99
         5        -0.0237       -3473.13
         5        -0.0234       -3689.73
         5        -0.0231       -3914.33
         5        -0.0228       -4147.49
         5        -0.0225       -4389.81
         5        -0.0222       -4641.93
         5        -0.0219       -4904.52
         5        -0.0216       -5178.26
         5        -0.0213       -5463.92
         5         -0.021       -5762.25
         5        -0.0207       -6074.07
         5        -0.0204       -6400.22
         5        -0.0201        -6741.6
         5        -0.0198       -7099.11
         5        -0.0195       -7473.72
         5        -0.0192       -7866.41
         5        -0.0189       -8278.22
         5        -0.0186        -8710.2
         5        -0.0183       -9163.45
         5         -0.018       -9639.11
         5        -0.0177       -10138.4
         5        -0.0174       -10662.4
         5        -0.0171       -11212.5
         5        -0.0168       -11790.1
         5        -0.0165       -12396.3
         5        -0.0162       -13032.8
         5        -0.0159         -13701
         5        -0.0156       -14402.5
         5        -0.0153         -15139
         5         -0.015       -15912.3
         5        -0.0147       -16724.4
         5        -0.0144       -17577.3
         5        -0.0141       -18473.3
         5        -0.0138         -19415
         5        -0.0135       -20404.9
         5        -0.0132         -21446
         5        -0.0129       -22541.7
         5        -0.0126       -23695.4
         5        -0.0123       -24911.3
         5         -0.012       -26193.7
         5        -0.0117       -27547.7
         5        -0.0114       -28978.9
         5        -0.0111       -30493.6
         5        -0.0108       -32098.9
         5        -0.0105       -33803.2
         5        -0.0102       -35615.6
         5        -0.0099       -37546.9
         5        -0.0096       -39609.7
         5        -0.0093       -41818.3
         5         -0.009         -44190
         5        -0.0087       -46744.8
         5        -0.0084       -49507.3
         5        -0.0081       -52506.8
         5        -0.0078       -55779.7
         5        -0.0075       -59371.5
         5        -0.0072         -63340
         5        -0.0069       -67760.9
         5        -0.0066       -72735.1
         5        -0.0063       -78399.2
         5         -0.006       -84932.9
         5        -0.0057       -92506.4
         5        -0.0054        -100000
         5        -0.0051        -100000
         5        -0.0048        -100000
         5        -0.0045       -99844.3
         5        -0.0042       -98582.7
         5        -0.0039       -97422.4
         5        -0.0036         -96447
         5        -0.0033       -95658.6
         5         -0.003       -95039.7
         5        -0.0027       -94568.3
         5        -0.0024       -94221.8
         5        -0.0021       -93978.1
         5        -0.0018       -93816.6
         5        -0.0015       -93717.9
         5        -0.0012       -93664.3
         5        -0.0009       -93640.1
         5        -0.0006       -93632.4
         5        -0.0003       -93631.4
         5              0         -93631
         5         0.0003       -93629.3
         5         0.0006       -93628.2
         5         0.0009         -93634
         5         0.0012       -93656.6
         5         0.0015       -93708.8
         5         0.0018       -93806.5
         5         0.0021       -93967.2
         5         0.0024       -94210.5
         5         0.0027       -94557.2
         5          0.003       -95029.1
         5         0.0033       -95648.9
         5         0.0036       -96438.8
         5         0.0039         -97416
         5         0.0042       -98578.7
         5         0.0045         -99843
         5         0.0048        -100000
         5         0.0051        -100000
         5         0.0054        -100000
         5         0.0057       -92510.9
         5          0.006         -84927
         5         0.0063       -78387.2
         5         0.0066       -72718.5
         5         0.0069       -67740.8
         5         0.0072       -63317.1
         5         0.0075       -59346.4
         5         0.0078       -55753.2
         5         0.0081       -52479.4
         5         0.0084       -49479.5
         5         0.0087       -46717.1
         5          0.009       -44162.6
         5         0.0093       -41791.8
         5         0.0096       -39584.3
         5         0.0099         -37523
         5         0.0102       -35593.4
         5         0.0105       -33782.9
         5         0.0108       -32080.9
         5         0.0111         -30478
         5         0.0114       -28965.9
         5         0.0117       -27537.4
         5          0.012       -26186.3
         5         0.0123       -24906.8
         5         0.0126         -23694
         5         0.0129       -22543.4
         5         0.0132       -21450.9
         5         0.0135       -20412.9
         5         0.0138       -19426.1
         5         0.0141       -18487.5
         5         0.0144       -17594.4
         5         0.0147       -16744.4
         5          0.015         -15935
         5         0.0153       -15164.3
         5         0.0156       -14430.2
         5         0.0159       -13730.9
         5         0.0162       -13064.7
         5         0.0165       -12430.1
         5         0.0168       -11825.3
         5         0.0171       -11249.1
         5         0.0174       -10700.1
         5         0.0177       -10176.8
         5          0.018       -9678.14
         5         0.0183       -9202.81
         5         0.0186       -8749.67
         5         0.0189       -8317.59
         5         0.0192       -7905.48
         5         0.0195       -7512.29
         5         0.0198       -7137.03
         5         0.0201        -6778.7
         5         0.0204       -6436.38
         5         0.0207       -6109.17
         5          0.021       -5796.19
         5         0.0213       -5496.63
         5         0.0216       -5209.68
         5         0.0219       -4934.59
         5         0.0222       -4670.63
         5         0.0225       -4417.11
         5         0.0228       -4173.37
         5         0.0231       -3938.81
         5         0.0234       -3712.81
         5         0.0237       -3494.83
         5          0.024       -3284.33
         5         0.0243       -3080.81
         5         0.0246       -2883.81
         5         0.0249       -2692.86
         5         0.0252       -2507.56
         5         0.0255        -2327.5
         5         0.0258       -2152.31
         5         0.0261       -1981.63
         5         0.0264       -1815.12
         5         0.0267       -1652.47
         5          0.027       -1493.37
         5         0.0273       -1337.55
         5         0.0276       -1184.73
         5         0.0279       -1034.65
         5         0.0282       -887.072
         5         0.0285       -741.764
         5         0.0288       -598.506
         5         0.0291       -457.094
         5         0.0294       -317.338
         5         0.0297       -179.073
         5           0.03       -42.1645
         5         0.0303              0
         5         0.0306              0
         5         0.0309              0
         5         0.0312              0
         5         0.0315              0
         5         0.0318              0
         5         0.0321              0
         5         0.0324              0
         5         0.0327              0
         5          0.033              0
         5         0.0333              0
         5         0.0336              0
         5         0.0339              0
         5         0.0342              0
         5         0.0345              0
         5         0.0348              0
         5         0.0351              0
         5         0.0354              0
         5         0.0357              0
         5          0.036              0
         5         0.0363              0
         5         0.0366              0
         5         0.0369              0
         5         0.0372              0
         5         0.0375              0
         5         0.0378              0
         5         0.0381              0
         5         0.0384              0
         5         0.0387              0
         5          0.039              0
         5         0.0393              0
         5         0.0396              0
         5         0.0399              0
         5         0.0402              0
         5         0.0405              0
         5         0.0408              0
         5         0.0411              0
         5         0.0414              0
         5         0.0417              0
         5          0.042              0
         5         0.0423              0
         5         0.0426              0
         5         0.0429              0
         5         0.0432              0
         5         0.0435              0
         5         0.0438              0
         5         0.0441              0
         5         0.0444              0
         5         0.0447              0
         5          0.045              0
         5         0.0453              0
         5         0.0456              0
         5         0.0459              0
         5         0.0462              0
         5         0.0465              0
         5         0.0468              0
         5         0.0471              0
         5         0.0474              0
         5         0.0477              0
         6         -0.048              0
         6        -0.0477              0
         6        -0.0474              0
         6        -0.0471              0
         6        -0.0468              0
         6        -0.0465              0
         6        -0.0462              0
         6        -0.0459              0
         6        -0.0456              0
         6        -0.0453              0
         6         -0.045              0
         6        -0.0447              0
         6        -0.0444              0
         6        -0.0441              0
         6        -0.0438              0
         6        -0.0435              0
         6        -0.0432              0
         6        -0.0429              0
         6        -0.0426              0
         6        -0.0423              0
         6         -0.042              0
         6        -0.0417              0
         6        -0.0414              0
         6        -0.0411              0
         6        -0.0408              0
         6        -0.0405              0
         6        -0.0402              0
         6        -0.0399              0
         6        -0.0396              0
         6        -0.0393              0
         6         -0.039              0
         6        -0.0387              0
         6        -0.0384              0
         6        -0.0381              0
         6        -0.0378              0
         6        -0.0375              0
         6        -0.0372              0
         6        -0.0369              0
         6        -0.0366              0
         6        -0.0363              0
         6         -0.036              0
         6        -0.0357              0
         6        -0.0354              0
         6        -0.0351              0
         6        -0.0348              0
         6        -0.0345              0
         6        -0.0342              0
         6        -0.0339              0
         6        -0.0336              0
         6        -0.0333              0
         6         -0.033              0
         6        -0.0327              0
         6        -0.0324              0
         6        -0.0321              0
         6        -0.0318              0
         6        -0.0315              0
         6        -0.0312              0
         6        -0.0309              0
         6        -0.0306              0
         6        -0.0303              0
         6          -0.03       -41.9317
         6        -0.0297       -178.083
         6        -0.0294        -315.58
         6        -0.0291       -454.553
         6        -0.0288       -595.167
         6        -0.0285       -737.606
         6        -0.0282       -882.074
         6        -0.0279       -1028.79
         6        -0.0276       -1177.97
         6        -0.0273       -1329.87
         6         -0.027       -1484.74
         6        -0.0267       -1642.85
         6        -0.0264       -1804.48
         6        -0.0261       -1969.93
         6        -0.0258       -2139.51
         6        -0.0255       -2313.57
         6        -0.0252       -2492.45
         6        -0.0249       -2676.54
         6        -0.0246       -2866.23
         6        -0.0243       -3061.95
         6         -0.024       -3264.15
         6        -0.0237       -3473.31
         6        -0.0234       -3689.92
         6        -0.0231       -3914.53
         6        -0.0228        -4147.7
         6        -0.0225       -4390.04
         6        -0.0222       -4642.17
         6        -0.0219       -4904.76
         6        -0.0216       -5178.52
         6        -0.0213       -5464.18
         6         -0.021       -5762.52
         6        -0.0207       -6074.34
         6        -0.0204        -6400.5
         6        -0.0201       -6741.87
         6        -0.0198       -7099.38
         6        -0.0195       -7473.98
         6        -0.0192       -7866.67
         6        -0.0189       -8278.46
         6        -0.0186       -8710.43
         6        -0.0183       -9163.66
         6         -0.018       -9639.31
         6        -0.0177       -10138.5
         6        -0.0174       -10662.6
         6        -0.0171       -11212.7
         6        -0.0168       -11790.1
         6        -0.0165       -12396.4
         6        -0.0162       -13032.8
         6        -0.0159         -13701
         6        -0.0156       -14402.5
         6        -0.0153       -15138.9
         6         -0.015       -15912.2
         6        -0.0147       -16724.3
         6        -0.0144       -17577.2
         6        -0.0141       -18473.2
         6        -0.0138       -19414.8
         6        -0.0135       -20404.7
         6        -0.0132       -21445.8
         6        -0.0129       -22541.4
         6        -0.0126       -23695.2
         6        -0.0123         -24911
         6         -0.012       -26193.4
         6        -0.0117       -27547.4
         6        -0.0114       -28978.6
         6        -0.0111       -30493.3
         6        -0.0108       -32098.7
         6        -0.0105       -33802.9
         6        -0.0102       -35615.3
         6        -0.0099       -37546.7
         6        -0.0096       -39609.4
         6        -0.0093       -41818.1
         6         -0.009       -44189.7
         6        -0.0087       -46744.6
         6        -0.0084       -49507.1
         6        -0.0081       -52506.7
         6        -0.0078       -55779.6
         6        -0.0075       -59371.3
         6        -0.0072       -63339.9
         6        -0.0069       -67760.8
         6        -0.0066       -72734.9
         6        -0.0063         -78399
         6         -0.006       -84932.8
         6        -0.0057       -92506.3
         6        -0.0054        -100000
         6        -0.0051        -100000
         6        -0.0048        -100000
         6        -0.0045       -99844.3
         6        -0.0042       -98582.6
         6        -0.0039       -97422.3
         6        -0.0036       -96446.9
         6        -0.0033       -95658.4
         6         -0.003       -95039.6
         6        -0.0027       -94568.2
         6        -0.0024       -94221.7
         6        -0.0021         -93978
         6        -0.0018       -93816.6
         6        -0.0015       -93717.9
         6        -0.0012       -93664.2
         6        -0.0009         -93640
         6        -0.0006       -93632.3
         6        -0.0003       -93631.4
         6              0         -93631
         6         0.0003       -93629.3
         6         0.0006       -93628.2
         6         0.0009       -93634.1
         6         0.0012       -93656.6
         6         0.0015       -93708.9
         6         0.0018       -93806.5
         6         0.0021       -93967.3
         6         0.0024       -94210.6
         6         0.0027       -94557.3
         6          0.003       -95029.2
         6         0.0033         -95649
         6         0.0036       -96438.8
         6         0.0039       -97416.1
         6         0.0042       -98578.7
         6         0.0045         -99843
         6         0.0048        -100000
         6         0.0051        -100000
         6         0.0054        -100000
         6         0.0057         -92511
         6          0.006       -84927.1
         6         0.0063       -78387.2
         6         0.0066       -72718.5
         6         0.0069       -67740.7
         6         0.0072         -63317
         6         0.0075       -59346.3
         6         0.0078       -55753.1
         6         0.0081       -52479.3
         6         0.0084       -49479.3
         6         0.0087       -46716.9
         6          0.009       -44162.4
         6         0.0093       -41791.6
         6         0.0096       -39584.1
         6         0.0099       -37522.8
         6         0.0102       -35593.1
         6         0.0105       -33782.7
         6         0.0108       -32080.7
         6         0.0111       -30477.7
         6         0.0114       -28965.6
         6         0.0117       -27537.1
         6          0.012         -26186
         6         0.0123       -24906.6
         6         0.0126       -23693.8
         6         0.0129       -22543.1
         6         0.0132       -21450.6
         6         0.0135       -20412.6
         6         0.0138       -19425.9
         6         0.0141       -18487.3
         6         0.0144       -17594.3
         6         0.0147       -16744.2
         6          0.015       -15934.9
         6         0.0153       -15164.2
         6         0.0156       -14430.2
         6         0.0159       -13730.9
         6         0.0162       -13064.8
         6         0.0165       -12430.1
         6         0.0168       -11825.4
         6         0.0171       -11249.3
         6         0.0174       -10700.2
         6         0.0177         -10177
         6          0.018       -9678.36
         6         0.0183       -9203.05
         6         0.0186       -8749.93
         6         0.0189       -8317.86
         6         0.0192       -7905.76
         6         0.0195       -7512.58
         6         0.0198       -7137.32
         6         0.0201          -6779
         6         0.0204       -6436.68
         6         0.0207       -6109.46
         6          0.021       -5796.48
         6         0.0213       -5496.91
         6         0.0216       -5209.95
         6         0.0219       -4934.85
         6         0.0222       -4670.88
         6         0.0225       -4417.35
         6         0.0228        -4173.6
         6         0.0231       -3939.02
         6         0.0234       -3713.01
         6         0.0237       -3495.01
         6          0.024        -3284.5
         6         0.0243       -3080.97
         6         0.0246       -2883.95
         6         0.0249          -2693
         6         0.0252       -2507.69
         6         0.0255       -2327.62
         6         0.0258       -2152.41
         6         0.0261       -1981.72
         6         0.0264        -1815.2
         6         0.0267       -1652.54
         6          0.027       -1493.44
         6         0.0273       -1337.61
         6         0.0276       -1184.78
         6         0.0279       -1034.69
         6         0.0282        -887.11
         6         0.0285       -741.795
         6         0.0288       -598.532
         6         0.0291       -457.113
         6         0.0294       -317.351
         6         0.0297        -179.08
         6           0.03       -42.1663
         6         0.0303              0
         6         0.0306              0
         6         0.0309              0
         6         0.0312              0
         6         0.0315              0
         6         0.0318              0
         6         0.0321              0
         6         0.0324              0
         6         0.0327              0
         6          0.033              0
         6         0.0333              0
         6         0.0336              0
         6         0.0339              0
         6         0.0342              0
         6         0.0345              0
         6         0.0348              0
         6         0.0351              0
         6         0.0354              0
         6         0.0357              0
         6          0.036              0
         6         0.0363              0
         6         0.0366              0
         6         0.0369              0
         6         0.0372              0
         6         0.0375              0
         6         0.0378              0
         6         0.0381              0
         6         0.0384              0
         6         0.0387              0
         6          0.039              0
         6         0.0393              0
         6         0.0396              0
         6         0.0399              0
         6         0.0402              0
         6         0.0405              0
         6         0.0408              0
         6         0.0411              0
         6         0.0414              0
         6         0.0417              0
         6          0.042              0
         6         0.0423              0
         6         0.0426              0
         6         0.0429              0
         6         0.0432              0
         6         0.0435              0
         6         0.0438              0
         6         0.0441              0
         6         0.0444              0
         6         0.0447              0
         6          0.045              0
         6         0.0453              0
         6         0.0456              0
         6         0.0459              0
         6         0.0462              0
         6         0.0465              0
         6         0.0468              0
         6         0.0471              0
         6         0.0474              0
         6         0.0477              0
