# iteration    r (m)    potential (V)
         1        -0.0315              0
         1        -0.0312              0
         1        -0.0309              0
         1        -0.0306              0
         1        -0.0303              0
         1          -0.03              0
         1        -0.0297       -3.95069
         1        -0.0294       -12.0858
         1        -0.0291       -20.3218
         1        -0.0288       -28.6305
         1        -0.0285       -36.9979
         1        -0.0282       -45.4136
         1        -0.0279       -53.8669
         1        -0.0276       -62.3461
         1        -0.0273       -70.8376
         1         -0.027       -79.3258
         1        -0.0267        -87.792
         1        -0.0264       -96.2142
         1        -0.0261       -104.566
         1        -0.0258       -112.816
         1        -0.0255       -120.927
         1        -0.0252       -128.853
         1        -0.0249       -136.539
         1        -0.0246       -143.918
         1        -0.0243       -150.907
         1         -0.024       -157.405
         1        -0.0237       -163.285
         1        -0.0234       -168.386
         1        -0.0231       -172.505
         1        -0.0228       -175.377
         1        -0.0225       -176.654
         1        -0.0222       -175.868
         1        -0.0219       -172.375
         1        -0.0216       -165.256
         1        -0.0213       -153.153
         1         -0.021       -133.955
         1        -0.0207       -104.161
         1        -0.0204       -57.4885
         1        -0.0201              0
         1        -0.0198              0
         1        -0.0195              0
         1        -0.0192       -18.2897
         1        -0.0189       -182.449
         1        -0.0186       -309.055
         1        -0.0183       -416.118
         1         -0.018       -511.987
         1        -0.0177       -601.084
         1        -0.0174       -686.018
         1        -0.0171       -768.469
         1        -0.0168         -849.6
         1        -0.0165       -930.266
         1        -0.0162       -1011.13
         1        -0.0159       -1092.73
         1        -0.0156       -1175.53
         1        -0.0153       -1259.94
         1         -0.015       -1346.31
         1        -0.0147       -1435.01
         1        -0.0144       -1526.37
         1        -0.0141       -1620.73
         1        -0.0138       -1718.43
         1        -0.0135       -1819.81
         1        -0.0132       -1925.24
         1        -0.0129       -2035.11
         1        -0.0126       -2149.81
         1        -0.0123        -2269.8
         1         -0.012       -2395.55
         1        -0.0117       -2527.59
         1        -0.0114       -2666.48
         1        -0.0111       -2812.87
         1        -0.0108       -2967.47
         1        -0.0105       -3131.08
         1        -0.0102        -3304.6
         1        -0.0099       -3489.05
         1        -0.0096       -3685.63
         1        -0.0093       -3895.68
         1         -0.009        -4120.8
         1        -0.0087       -4362.83
         1        -0.0084       -4623.99
         1        -0.0081       -4906.93
         1        -0.0078       -5214.88
         1        -0.0075       -5551.81
         1        -0.0072       -5922.72
         1        -0.0069       -6334.04
         1        -0.0066       -6794.22
         1        -0.0063       -7314.78
         1         -0.006       -7912.15
         1        -0.0057       -8611.57
         1        -0.0054       -9458.31
         1        -0.0051         -10000
         1        -0.0048         -10000
         1        -0.0045         -10000
         1        -0.0042       -9977.85
         1        -0.0039       -9832.17
         1        -0.0036          -9708
         1        -0.0033        -9605.3
         1         -0.003       -9522.75
         1        -0.0027        -9458.2
         1        -0.0024       -9409.22
         1        -0.0021       -9373.38
         1        -0.0018       -9348.34
         1        -0.0015       -9331.87
         1        -0.0012       -9321.91
         1        -0.0009        -9316.6
         1        -0.0006       -9314.27
         1        -0.0003       -9313.61
         1              0        -9313.6
         1         0.0003       -9313.68
         1         0.0006       -9313.68
         1         0.0009       -9313.91
         1         0.0012       -9315.08
         1         0.0015       -9318.32
         1         0.0018       -9325.05
         1         0.0021       -9337.01
         1         0.0024       -9356.12
         1         0.0027       -9384.52
         1          0.003       -9424.45
         1         0.0033       -9478.28
         1         0.0036       -9548.45
         1         0.0039       -9637.31
         1         0.0042        -9746.8
         1         0.0045       -9877.82
         1         0.0048         -10000
         1         0.0051         -10000
         1         0.0054         -10000
         1         0.0057         -10000
         1          0.006       -9163.81
         1         0.0063       -8373.25
         1         0.0066        -7711.6
         1         0.0069       -7142.61
         1         0.0072       -6644.49
         1         0.0075        -6202.6
         1         0.0078       -5806.53
         1         0.0081       -5448.53
         1         0.0084       -5122.72
         1         0.0087       -4824.45
         1          0.009       -4550.02
         1         0.0093       -4296.41
         1         0.0096       -4061.13
         1         0.0099        -3842.1
         1         0.0102       -3637.56
         1         0.0105       -3446.01
         1         0.0108       -3266.15
         1         0.0111       -3096.86
         1         0.0114       -2937.15
         1         0.0117       -2786.15
         1          0.012        -2643.1
         1         0.0123       -2507.31
         1         0.0126       -2378.16
         1         0.0129        -2255.1
         1         0.0132        -2137.6
         1         0.0135        -2025.2
         1         0.0138       -1917.48
         1         0.0141       -1814.02
         1         0.0144       -1714.44
         1         0.0147       -1618.39
         1          0.015       -1525.49
         1         0.0153       -1435.41
         1         0.0156       -1347.81
         1         0.0159       -1262.31
         1         0.0162       -1178.56
         1         0.0165       -1096.15
         1         0.0168       -1014.64
         1         0.0171       -933.499
         1         0.0174        -852.12
         1         0.0177       -769.727
         1          0.018       -685.301
         1         0.0183       -597.429
         1         0.0186       -504.023
         1         0.0189       -401.767
         1         0.0192       -284.891
         1         0.0195       -142.141
         1         0.0198              0
         1         0.0201              0
         1         0.0204              0
         1         0.0207       -13.6885
         1          0.021       -95.7793
         1         0.0213       -149.011
         1         0.0216        -185.29
         1         0.0219       -210.745
         1         0.0222       -228.848
         1         0.0225        -241.72
         1         0.0228       -250.744
         1         0.0231       -256.863
         1         0.0234       -260.748
         1         0.0237       -262.889
         1          0.024       -263.653
         1         0.0243       -263.321
         1         0.0246       -262.113
         1         0.0249       -260.201
         1         0.0252       -257.723
         1         0.0255        -254.79
         1         0.0258       -251.493
         1         0.0261       -247.906
         1         0.0264        -244.09
         1         0.0267       -240.097
         1          0.027       -235.967
         1         0.0273       -231.738
         1         0.0276       -227.437
         1         0.0279       -223.091
         1         0.0282       -218.721
         1         0.0285       -214.343
         1         0.0288       -209.973
         1         0.0291       -205.624
         1         0.0294       -201.307
         1         0.0297       -197.029
         1           0.03         -192.8
         1         0.0303       -188.626
         1         0.0306       -184.512
         1         0.0309       -180.462
         1         0.0312       -176.481
         1         0.0315       -172.571
         1         0.0318       -168.734
         1         0.0321       -164.974
         1         0.0324       -161.291
         1         0.0327       -157.686
         1          0.033       -154.161
         1         0.0333       -150.715
         1         0.0336        -147.35
         1         0.0339       -144.066
         1         0.0342       -140.863
         1         0.0345       -137.741
         1         0.0348       -134.699
         1         0.0351       -131.739
         1         0.0354       -128.859
         1         0.0357       -126.059
         1          0.036       -123.339
         1         0.0363       -120.698
         1         0.0366       -118.136
         1         0.0369       -115.651
         1         0.0372       -113.243
         1         0.0375       -110.912
         1         0.0378       -108.657
         1         0.0381       -106.476
         1         0.0384        -104.37
         1         0.0387       -102.338
         1          0.039        -100.38
         1         0.0393       -98.4945
         1         0.0396       -96.6813
         1         0.0399       -94.9398
         1         0.0402       -93.2696
         1         0.0405         -91.67
         1         0.0408       -90.1403
         1         0.0411       -88.6799
         1         0.0414       -87.2883
         1         0.0417       -85.9648
         1          0.042       -84.7089
         1         0.0423       -83.5201
         1         0.0426        -82.398
         1         0.0429       -81.3421
         1         0.0432       -80.3521
         1         0.0435       -79.4276
         1         0.0438       -78.5683
         1         0.0441        -77.774
         1         0.0444       -77.0444
         1         0.0447       -76.3791
         1          0.045        -75.778
         1         0.0453       -75.2407
         1         0.0456       -74.7672
         1         0.0459       -74.3571
         1         0.0462       -74.0103
         1         0.0465       -73.7267
         1         0.0468       -73.5062
         1         0.0471       -73.3487
         1         0.0474       -73.2542
         1         0.0477       -73.2226
         2        -0.0315              0
         2        -0.0312              0
         2        -0.0309              0
         2        -0.0306              0
         2        -0.0303              0
         2          -0.03              0
         2        -0.0297       -6.56943
         2        -0.0294       -19.9996
         2        -0.0291       -33.4561
         2        -0.0288       -46.8897
         2        -0.0285       -60.2764
         2        -0.0282       -73.5967
         2        -0.0279       -86.8317
         2        -0.0276         -99.96
         2        -0.0273       -112.955
         2         -0.027       -125.789
         2        -0.0267       -138.432
         2        -0.0264        -150.85
         2        -0.0261       -163.005
         2        -0.0258       -174.852
         2        -0.0255       -186.337
         2        -0.0252        -197.39
         2        -0.0249        -207.92
         2        -0.0246       -217.819
         2        -0.0243       -226.976
         2         -0.024       -235.256
         2        -0.0237       -242.485
         2        -0.0234       -248.437
         2        -0.0231        -252.83
         2        -0.0228       -255.301
         2        -0.0225       -255.387
         2        -0.0222       -252.473
         2        -0.0219       -245.692
         2        -0.0216       -233.851
         2        -0.0213       -215.149
         2         -0.021       -186.805
         2        -0.0207       -144.188
         2        -0.0204        -79.015
         2        -0.0201              0
         2        -0.0198              0
         2        -0.0195              0
         2        -0.0192       -22.2004
         2        -0.0189       -220.314
         2        -0.0186       -371.425
         2        -0.0183       -497.599
         2         -0.018       -609.086
         2        -0.0177       -711.331
         2        -0.0174       -807.531
         2        -0.0171       -899.784
         2        -0.0168       -989.511
         2        -0.0165       -1077.78
         2        -0.0162       -1165.37
         2        -0.0159       -1252.91
         2        -0.0156       -1340.95
         2        -0.0153       -1429.95
         2         -0.015       -1520.33
         2        -0.0147        -1612.5
         2        -0.0144       -1706.81
         2        -0.0141       -1803.66
         2        -0.0138       -1903.39
         2        -0.0135       -2006.36
         2        -0.0132       -2112.92
         2        -0.0129       -2223.51
         2        -0.0126       -2338.51
         2        -0.0123       -2458.39
         2         -0.012       -2583.67
         2        -0.0117       -2714.84
         2        -0.0114       -2852.44
         2        -0.0111       -2997.15
         2        -0.0108       -3149.63
         2        -0.0105        -3310.7
         2        -0.0102       -3481.25
         2        -0.0099       -3662.29
         2        -0.0096       -3854.92
         2        -0.0093       -4060.49
         2         -0.009       -4280.58
         2        -0.0087          -4517
         2        -0.0084       -4771.87
         2        -0.0081       -5047.79
         2        -0.0078       -5347.91
         2        -0.0075       -5676.06
         2        -0.0072       -6037.11
         2        -0.0069        -6437.3
         2        -0.0066       -6884.85
         2        -0.0063       -7390.94
         2         -0.006       -7971.54
         2        -0.0057       -8651.14
         2        -0.0054       -9473.76
         2        -0.0051         -10000
         2        -0.0048         -10000
         2        -0.0045         -10000
         2        -0.0042       -9978.98
         2        -0.0039       -9840.76
         2        -0.0036       -9723.37
         2        -0.0033       -9626.84
         2         -0.003       -9549.91
         2        -0.0027       -9490.54
         2        -0.0024       -9446.39
         2        -0.0021       -9415.15
         2        -0.0018       -9394.46
         2        -0.0015        -9382.1
         2        -0.0012       -9376.04
         2        -0.0009       -9374.12
         2        -0.0006       -9374.81
         2        -0.0003       -9377.23
         2              0       -9378.69
         2         0.0003       -9378.68
         2         0.0006       -9377.83
         2         0.0009       -9375.93
         2         0.0012       -9374.14
         2         0.0015       -9374.11
         2         0.0018       -9377.43
         2         0.0021       -9385.67
         2         0.0024       -9400.65
         2         0.0027       -9424.77
         2          0.003        -9460.2
         2         0.0033       -9509.23
         2         0.0036       -9574.15
         2         0.0039       -9657.21
         2         0.0042       -9760.28
         2         0.0045        -9884.2
         2         0.0048         -10000
         2         0.0051         -10000
         2         0.0054         -10000
         2         0.0057         -10000
         2          0.006          -9190
         2         0.0063       -8424.15
         2         0.0066       -7783.13
         2         0.0069       -7231.79
         2         0.0072       -6749.03
         2         0.0075       -6320.65
         2         0.0078       -5936.57
         2         0.0081       -5589.31
         2         0.0084       -5273.15
         2         0.0087       -4983.58
         2          0.009       -4717.03
         2         0.0093       -4470.56
         2         0.0096       -4241.75
         2         0.0099       -4028.58
         2         0.0102       -3829.32
         2         0.0105       -3642.49
         2         0.0108       -3466.85
         2         0.0111       -3301.31
         2         0.0114        -3144.9
         2         0.0117       -2996.76
         2          0.012       -2856.15
         2         0.0123       -2722.37
         2         0.0126       -2594.82
         2         0.0129       -2472.89
         2         0.0132        -2356.1
         2         0.0135       -2243.97
         2         0.0138       -2136.05
         2         0.0141       -2031.94
         2         0.0144       -1931.22
         2         0.0147       -1833.54
         2          0.015       -1738.51
         2         0.0153       -1645.75
         2         0.0156       -1554.83
         2         0.0159       -1465.33
         2         0.0162       -1376.84
         2         0.0165       -1288.89
         2         0.0168       -1200.95
         2         0.0171       -1112.37
         2         0.0174       -1022.34
         2         0.0177       -929.916
         2          0.018       -833.758
         2         0.0183       -732.037
         2         0.0186        -622.05
         2         0.0189       -499.415
         2         0.0192       -356.608
         2         0.0195       -179.092
         2         0.0198              0
         2         0.0201              0
         2         0.0204              0
         2         0.0207       -20.9569
         2          0.021       -148.128
         2         0.0213       -232.865
         2         0.0216       -292.725
         2         0.0219       -336.667
         2         0.0222       -369.733
         2         0.0225       -394.978
         2         0.0228       -414.388
         2         0.0231        -429.32
         2         0.0234       -440.734
         2         0.0237       -449.308
         2          0.024        -455.61
         2         0.0243       -460.068
         2         0.0246       -463.005
         2         0.0249       -464.668
         2         0.0252       -465.248
         2         0.0255       -464.925
         2         0.0258       -463.854
         2         0.0261       -462.156
         2         0.0264       -459.925
         2         0.0267       -457.241
         2          0.027       -454.181
         2         0.0273       -450.809
         2         0.0276       -447.176
         2         0.0279       -443.319
         2         0.0282       -439.275
         2         0.0285       -435.079
         2         0.0288       -430.761
         2         0.0291       -426.344
         2         0.0294       -421.847
         2         0.0297       -417.289
         2           0.03       -412.689
         2         0.0303       -408.064
         2         0.0306       -403.428
         2         0.0309       -398.794
         2         0.0312        -394.17
         2         0.0315       -389.563
         2         0.0318       -384.979
         2         0.0321       -380.428
         2         0.0324       -375.916
         2         0.0327       -371.447
         2          0.033       -367.024
         2         0.0333       -362.649
         2         0.0336       -358.329
         2         0.0339        -354.07
         2         0.0342       -349.877
         2         0.0345       -345.757
         2         0.0348       -341.712
         2         0.0351       -337.744
         2         0.0354       -333.855
         2         0.0357       -330.047
         2          0.036       -326.317
         2         0.0363       -322.666
         2         0.0366       -319.093
         2         0.0369       -315.602
         2         0.0372       -312.196
         2         0.0375       -308.876
         2         0.0378       -305.645
         2         0.0381       -302.504
         2         0.0384       -299.453
         2         0.0387       -296.492
         2          0.039       -293.621
         2         0.0393       -290.839
         2         0.0396       -288.148
         2         0.0399       -285.549
         2         0.0402       -283.042
         2         0.0405        -280.63
         2         0.0408       -278.311
         2         0.0411       -276.087
         2         0.0414       -273.957
         2         0.0417       -271.922
         2          0.042       -269.981
         2         0.0423       -268.137
         2         0.0426       -266.389
         2         0.0429       -264.737
         2         0.0432       -263.181
         2         0.0435       -261.721
         2         0.0438       -260.357
         2         0.0441        -259.09
         2         0.0444        -257.92
         2         0.0447       -256.848
         2          0.045       -255.875
         2         0.0453       -255.001
         2         0.0456       -254.227
         2         0.0459       -253.554
         2         0.0462       -252.984
         2         0.0465       -252.515
         2         0.0468        -252.15
         2         0.0471       -251.888
         2         0.0474        -251.73
         2         0.0477       -251.677
         3        -0.0315              0
         3        -0.0312              0
         3        -0.0309              0
         3        -0.0306              0
         3        -0.0303              0
         3          -0.03              0
         3        -0.0297       -8.32945
         3        -0.0294       -25.2948
         3        -0.0291       -42.2261
         3        -0.0288       -59.0629
         3        -0.0285       -75.7765
         3        -0.0282       -92.3481
         3        -0.0279       -108.757
         3        -0.0276       -124.976
         3        -0.0273       -140.972
         3         -0.027       -156.711
         3        -0.0267       -172.152
         3        -0.0264       -187.257
         3        -0.0261       -201.982
         3        -0.0258       -216.265
         3        -0.0255       -230.037
         3        -0.0252       -243.205
         3        -0.0249        -255.66
         3        -0.0246        -267.28
         3        -0.0243       -277.927
         3         -0.024       -287.446
         3        -0.0237       -295.636
         3        -0.0234       -302.218
         3        -0.0231       -306.841
         3        -0.0228       -309.078
         3        -0.0225        -308.38
         3        -0.0222       -304.076
         3        -0.0219       -295.149
         3        -0.0216        -280.18
         3        -0.0213       -257.068
         3         -0.021       -222.599
         3        -0.0207       -171.352
         3        -0.0204       -93.6405
         3        -0.0201              0
         3        -0.0198              0
         3        -0.0195              0
         3        -0.0192       -24.8482
         3        -0.0189       -245.923
         3        -0.0186        -413.59
         3        -0.0183       -552.662
         3         -0.018       -674.702
         3        -0.0177       -785.874
         3        -0.0174       -889.742
         3        -0.0171       -988.714
         3        -0.0168       -1084.35
         3        -0.0165       -1177.84
         3        -0.0162       -1270.06
         3        -0.0159       -1361.69
         3        -0.0156       -1453.38
         3        -0.0153       -1545.55
         3         -0.015       -1638.67
         3        -0.0147       -1733.21
         3        -0.0144       -1829.59
         3        -0.0141       -1928.17
         3        -0.0138       -2029.32
         3        -0.0135       -2133.38
         3        -0.0132       -2240.75
         3        -0.0129       -2351.84
         3        -0.0126       -2467.09
         3        -0.0123       -2586.95
         3         -0.012       -2711.93
         3        -0.0117       -2842.52
         3        -0.0114        -2979.3
         3        -0.0111        -3122.9
         3        -0.0108       -3274.01
         3        -0.0105        -3433.4
         3        -0.0102       -3601.93
         3        -0.0099       -3780.65
         3        -0.0096       -3970.65
         3        -0.0093       -4173.21
         3         -0.009        -4389.9
         3        -0.0087        -4622.5
         3        -0.0084        -4873.1
         3        -0.0081       -5144.25
         3        -0.0078       -5439.02
         3        -0.0075       -5761.19
         3        -0.0072       -6115.49
         3        -0.0069       -6508.06
         3        -0.0066       -6946.94
         3        -0.0063       -7443.11
         3         -0.006        -8012.2
         3        -0.0057       -8678.24
         3        -0.0054       -9484.35
         3        -0.0051         -10000
         3        -0.0048         -10000
         3        -0.0045         -10000
         3        -0.0042       -9979.69
         3        -0.0039       -9846.22
         3        -0.0036       -9733.11
         3        -0.0033       -9640.44
         3         -0.003       -9566.99
         3        -0.0027       -9510.77
         3        -0.0024       -9469.43
         3        -0.0021        -9440.7
         3        -0.0018        -9422.3
         3        -0.0015       -9411.87
         3        -0.0012       -9407.24
         3        -0.0009       -9406.18
         3        -0.0006       -9406.95
         3        -0.0003       -9409.24
         3              0       -9410.75
         3         0.0003       -9411.16
         3         0.0006       -9410.45
         3         0.0009       -9408.86
         3         0.0012       -9407.54
         3         0.0015       -9406.96
         3         0.0018        -9408.9
         3         0.0021        -9415.6
         3         0.0024       -9428.66
         3         0.0027       -9450.47
         3          0.003       -9483.26
         3         0.0033       -9529.28
         3         0.0036       -9590.88
         3         0.0039        -9670.2
         3         0.0042       -9769.08
         3         0.0045       -9888.36
         3         0.0048         -10000
         3         0.0051         -10000
         3         0.0054         -10000
         3         0.0057         -10000
         3          0.006       -9207.92
         3         0.0063       -8458.99
         3         0.0066       -7832.08
         3         0.0069       -7292.82
         3         0.0072       -6820.57
         3         0.0075       -6401.45
         3         0.0078       -6025.62
         3         0.0081       -5685.74
         3         0.0084       -5376.19
         3         0.0087       -5092.58
         3          0.009       -4831.42
         3         0.0093       -4589.84
         3         0.0096       -4365.46
         3         0.0099        -4156.3
         3         0.0102       -3960.65
         3         0.0105       -3777.04
         3         0.0108       -3604.27
         3         0.0111       -3441.26
         3         0.0114       -3287.05
         3         0.0117       -3140.81
         3          0.012       -3001.81
         3         0.0123       -2869.34
         3         0.0126       -2742.79
         3         0.0129       -2621.58
         3         0.0132       -2505.24
         3         0.0135       -2393.27
         3         0.0138        -2285.2
         3         0.0141       -2180.58
         3         0.0144       -2079.02
         3         0.0147       -1980.13
         3          0.015       -1883.54
         3         0.0153       -1788.84
         3         0.0156       -1695.58
         3         0.0159       -1603.31
         3         0.0162       -1511.59
         3         0.0165       -1419.87
         3         0.0168       -1327.53
         3         0.0171       -1233.89
         3         0.0174       -1138.06
         3         0.0177        -1038.8
         3          0.018       -934.637
         3         0.0183       -823.457
         3         0.0186       -702.162
         3         0.0189       -565.677
         3         0.0192       -405.273
         3         0.0195       -204.172
         3         0.0198              0
         3         0.0201              0
         3         0.0204              0
         3         0.0207       -25.8597
         3          0.021       -183.434
         3         0.0213       -289.361
         3         0.0216       -365.049
         3         0.0219       -421.373
         3         0.0222       -464.387
         3         0.0225       -497.776
         3         0.0228       -523.933
         3         0.0231       -544.489
         3         0.0234       -560.636
         3         0.0237       -573.219
         3          0.024       -582.938
         3         0.0243        -590.31
         3         0.0246       -595.729
         3         0.0249       -599.492
         3         0.0252       -601.844
         3         0.0255       -603.014
         3         0.0258       -603.175
         3         0.0261       -602.474
         3         0.0264       -601.037
         3         0.0267       -598.972
         3          0.027       -596.369
         3         0.0273       -593.316
         3         0.0276       -589.877
         3         0.0279       -586.097
         3         0.0282       -582.025
         3         0.0285       -577.717
         3         0.0288       -573.204
         3         0.0291       -568.517
         3         0.0294       -563.682
         3         0.0297       -558.727
         3           0.03       -553.678
         3         0.0303       -548.555
         3         0.0306       -543.373
         3         0.0309       -538.151
         3         0.0312       -532.902
         3         0.0315       -527.642
         3         0.0318        -522.38
         3         0.0321       -517.126
         3         0.0324       -511.891
         3         0.0327       -506.683
         3          0.033        -501.51
         3         0.0333       -496.378
         3         0.0336       -491.291
         3         0.0339       -486.256
         3         0.0342       -481.278
         3         0.0345       -476.367
         3         0.0348       -471.529
         3         0.0351       -466.769
         3         0.0354       -462.087
         3         0.0357       -457.487
         3          0.036       -452.972
         3         0.0363       -448.542
         3         0.0366       -444.197
         3         0.0369        -439.94
         3         0.0372       -435.775
         3         0.0375       -431.706
         3         0.0378       -427.736
         3         0.0381       -423.868
         3         0.0384       -420.103
         3         0.0387       -416.443
         3          0.039       -412.887
         3         0.0393       -409.438
         3         0.0396       -406.096
         3         0.0399       -402.863
         3         0.0402        -399.74
         3         0.0405       -396.729
         3         0.0408       -393.831
         3         0.0411       -391.047
         3         0.0414       -388.377
         3         0.0417       -385.822
         3          0.042       -383.383
         3         0.0423       -381.061
         3         0.0426       -378.856
         3         0.0429        -376.77
         3         0.0432       -374.803
         3         0.0435       -372.955
         3         0.0438       -371.227
         3         0.0441       -369.622
         3         0.0444        -368.14
         3         0.0447        -366.78
         3          0.045       -365.545
         3         0.0453       -364.434
         3         0.0456        -363.45
         3         0.0459       -362.594
         3         0.0462       -361.866
         3         0.0465       -361.267
         3         0.0468       -360.801
         3         0.0471       -360.467
         3         0.0474       -360.266
         3         0.0477       -360.199
         4        -0.0315              0
         4        -0.0312              0
         4        -0.0309              0
         4        -0.0306              0
         4        -0.0303              0
         4          -0.03              0
         4        -0.0297       -9.47597
         4        -0.0294        -28.764
         4        -0.0291       -47.9888
         4        -0.0288       -67.0825
         4        -0.0285        -86.011
         4        -0.0282       -104.748
         4        -0.0279       -123.264
         4        -0.0276        -141.53
         4        -0.0273       -159.514
         4         -0.027       -177.174
         4        -0.0267       -194.465
         4        -0.0264       -211.347
         4        -0.0261       -227.769
         4        -0.0258       -243.656
         4        -0.0255       -258.926
         4        -0.0252       -273.484
         4        -0.0249        -287.22
         4        -0.0246       -300.004
         4        -0.0243       -311.678
         4         -0.024       -322.062
         4        -0.0237       -330.917
         4        -0.0234       -337.926
         4        -0.0231       -342.729
         4        -0.0228       -344.851
         4        -0.0225        -343.69
         4        -0.0222       -338.508
         4        -0.0219       -328.187
         4        -0.0216        -311.13
         4        -0.0213       -285.083
         4         -0.021       -246.538
         4        -0.0207       -189.512
         4        -0.0204       -103.421
         4        -0.0201              0
         4        -0.0198              0
         4        -0.0195              0
         4        -0.0192       -26.6145
         4        -0.0189        -263.09
         4        -0.0186       -441.882
         4        -0.0183       -589.641
         4         -0.018       -718.794
         4        -0.0177        -835.98
         4        -0.0174       -945.029
         4        -0.0171       -1048.56
         4        -0.0168       -1148.24
         4        -0.0165       -1245.32
         4        -0.0162       -1340.72
         4        -0.0159       -1435.19
         4        -0.0156       -1529.38
         4        -0.0153        -1623.8
         4         -0.015       -1718.89
         4        -0.0147       -1815.12
         4        -0.0144       -1912.94
         4        -0.0141       -2012.74
         4        -0.0138       -2114.91
         4        -0.0135       -2219.81
         4        -0.0132       -2327.82
         4        -0.0129       -2439.35
         4        -0.0126       -2554.84
         4        -0.0123       -2674.76
         4         -0.012        -2799.6
         4        -0.0117       -2929.86
         4        -0.0114       -3066.13
         4        -0.0111       -3209.03
         4        -0.0108       -3359.25
         4        -0.0105       -3517.54
         4        -0.0102       -3684.77
         4        -0.0099       -3861.92
         4        -0.0096       -4050.12
         4        -0.0093       -4250.64
         4         -0.009       -4465.02
         4        -0.0087       -4695.01
         4        -0.0084       -4942.67
         4        -0.0081       -5210.51
         4        -0.0078       -5501.58
         4        -0.0075       -5819.61
         4        -0.0072       -6169.26
         4        -0.0069       -6556.59
         4        -0.0066       -6989.53
         4        -0.0063        -7478.9
         4         -0.006       -8040.11
         4        -0.0057       -8696.85
         4        -0.0054       -9491.62
         4        -0.0051         -10000
         4        -0.0048         -10000
         4        -0.0045         -10000
         4        -0.0042       -9980.19
         4        -0.0039          -9850
         4        -0.0036       -9739.83
         4        -0.0033       -9649.81
         4         -0.003       -9578.75
         4        -0.0027       -9524.66
         4        -0.0024       -9485.22
         4        -0.0021       -9458.15
         4        -0.0018       -9441.17
         4        -0.0015       -9431.79
         4        -0.0012        -9427.9
         4        -0.0009       -9427.31
         4        -0.0006       -9428.38
         4        -0.0003        -9430.5
         4              0       -9431.99
         4         0.0003       -9432.46
         4         0.0006       -9432.15
         4         0.0009        -9430.8
         4         0.0012       -9429.48
         4         0.0015        -9428.8
         4         0.0018       -9429.78
         4         0.0021       -9435.42
         4         0.0024       -9447.31
         4         0.0027       -9467.72
         4          0.003       -9498.89
         4         0.0033       -9542.95
         4         0.0036       -9602.27
         4         0.0039       -9679.06
         4         0.0042       -9775.11
         4         0.0045       -9891.22
         4         0.0048         -10000
         4         0.0051         -10000
         4         0.0054         -10000
         4         0.0057         -10000
         4          0.006       -9220.22
         4         0.0063        -8482.9
         4         0.0066        -7865.7
         4         0.0069       -7334.73
         4         0.0072       -6869.68
         4         0.0075       -6456.91
         4         0.0078       -6086.69
         4         0.0081       -5751.81
         4         0.0084       -5446.78
         4         0.0087       -5167.22
         4          0.009       -4909.69
         4         0.0093        -4671.4
         4         0.0096       -4449.99
         4         0.0099       -4243.49
         4         0.0102       -4050.23
         4         0.0105       -3868.79
         4         0.0108       -3697.95
         4         0.0111       -3536.64
         4         0.0114       -3383.93
         4         0.0117       -3238.98
         4          0.012       -3101.07
         4         0.0123       -2969.48
         4         0.0126        -2843.6
         4         0.0129       -2722.88
         4         0.0132       -2606.82
         4         0.0135       -2494.93
         4         0.0138       -2386.73
         4         0.0141       -2281.76
         4         0.0144       -2179.63
         4         0.0147       -2079.94
         4          0.015       -1982.27
         4         0.0153       -1886.26
         4         0.0156       -1791.38
         4         0.0159       -1697.18
         4         0.0162       -1603.19
         4         0.0165       -1508.81
         4         0.0168       -1413.41
         4         0.0171       -1316.24
         4         0.0174       -1216.34
         4         0.0177       -1112.41
         4          0.018       -1002.84
         4         0.0183       -885.271
         4         0.0186       -756.309
         4         0.0189       -610.412
         4         0.0192       -438.115
         4         0.0195       -221.101
         4         0.0198              0
         4         0.0201              0
         4         0.0204              0
         4         0.0207       -29.1521
         4          0.021       -207.096
         4         0.0213       -327.107
         4         0.0216       -413.194
         4         0.0219       -477.582
         4         0.0222       -527.051
         4         0.0225       -565.683
         4         0.0228       -596.167
         4         0.0231       -620.307
         4         0.0234       -639.453
         4         0.0237       -654.592
         4          0.024       -666.475
         4         0.0243       -675.657
         4         0.0246        -682.56
         4         0.0249       -687.545
         4         0.0252       -690.912
         4         0.0255       -692.911
         4         0.0258       -693.741
         4         0.0261       -693.569
         4         0.0264       -692.543
         4         0.0267       -690.784
         4          0.027       -688.392
         4         0.0273       -685.457
         4         0.0276       -682.046
         4         0.0279       -678.208
         4         0.0282        -674.01
         4         0.0285       -669.512
         4         0.0288       -664.756
         4         0.0291        -659.78
         4         0.0294       -654.612
         4         0.0297       -649.285
         4           0.03       -643.835
         4         0.0303       -638.279
         4         0.0306       -632.635
         4         0.0309       -626.932
         4         0.0312       -621.184
         4         0.0315       -615.409
         4         0.0318       -609.619
         4         0.0321       -603.824
         4         0.0324       -598.038
         4         0.0327       -592.273
         4          0.033       -586.536
         4         0.0333       -580.833
         4         0.0336       -575.173
         4         0.0339       -569.563
         4         0.0342       -564.011
         4         0.0345       -558.525
         4         0.0348        -553.11
         4         0.0351        -547.77
         4         0.0354       -542.514
         4         0.0357       -537.344
         4          0.036       -532.263
         4         0.0363       -527.274
         4         0.0366       -522.379
         4         0.0369       -517.581
         4         0.0372       -512.884
         4         0.0375        -508.29
         4         0.0378       -503.804
         4         0.0381       -499.427
         4         0.0384       -495.162
         4         0.0387       -491.012
         4          0.039       -486.979
         4         0.0393       -483.066
         4         0.0396       -479.273
         4         0.0399       -475.602
         4         0.0402       -472.055
         4         0.0405       -468.632
         4         0.0408       -465.336
         4         0.0411       -462.168
         4         0.0414       -459.129
         4         0.0417       -456.221
         4          0.042       -453.443
         4         0.0423       -450.798
         4         0.0426       -448.287
         4         0.0429        -445.91
         4         0.0432       -443.668
         4         0.0435       -441.562
         4         0.0438       -439.594
         4         0.0441       -437.765
         4         0.0444       -436.076
         4         0.0447       -434.527
         4          0.045        -433.12
         4         0.0453       -431.856
         4         0.0456       -430.736
         4         0.0459       -429.762
         4         0.0462       -428.935
         4         0.0465       -428.255
         4         0.0468       -427.724
         4         0.0471       -427.343
         4         0.0474       -427.114
         4         0.0477       -427.037
         5        -0.0315              0
         5        -0.0312              0
         5        -0.0309              0
         5        -0.0306              0
         5        -0.0303              0
         5          -0.03              0
         5        -0.0297       -10.2287
         5        -0.0294        -31.036
         5        -0.0291        -51.758
         5        -0.0288       -72.3225
         5        -0.0285       -92.6932
         5        -0.0282       -112.842
         5        -0.0279        -132.74
         5        -0.0276       -152.353
         5        -0.0273       -171.651
         5         -0.027        -190.59
         5        -0.0267       -209.122
         5        -0.0264       -227.193
         5        -0.0261       -244.747
         5        -0.0258       -261.706
         5        -0.0255       -277.989
         5        -0.0252       -293.495
         5        -0.0249       -308.105
         5        -0.0246       -321.675
         5        -0.0243       -334.042
         5         -0.024       -345.004
         5        -0.0237         -354.3
         5        -0.0234       -361.617
         5        -0.0231        -366.58
         5        -0.0228       -368.666
         5        -0.0225       -367.241
         5        -0.0222       -361.514
         5        -0.0219       -350.303
         5        -0.0216       -331.912
         5        -0.0213       -303.936
         5         -0.021       -262.664
         5        -0.0207       -201.782
         5        -0.0204       -110.028
         5        -0.0201              0
         5        -0.0198              0
         5        -0.0195              0
         5        -0.0192       -27.8075
         5        -0.0189       -274.655
         5        -0.0186       -460.962
         5        -0.0183       -614.612
         5         -0.018       -748.594
         5        -0.0177       -869.863
         5        -0.0174       -982.465
         5        -0.0171       -1089.09
         5        -0.0168       -1191.49
         5        -0.0165       -1290.99
         5        -0.0162       -1388.53
         5        -0.0159       -1484.95
         5        -0.0156       -1580.87
         5        -0.0153       -1676.75
         5         -0.015       -1773.17
         5        -0.0147        -1870.6
         5        -0.0144       -1969.47
         5        -0.0141       -2070.11
         5        -0.0138          -2173
         5        -0.0135       -2278.47
         5        -0.0132       -2386.94
         5        -0.0129        -2498.8
         5        -0.0126       -2614.49
         5        -0.0123       -2734.46
         5         -0.012       -2859.23
         5        -0.0117       -2989.27
         5        -0.0114       -3125.15
         5        -0.0111       -3267.57
         5        -0.0108       -3417.16
         5        -0.0105       -3574.65
         5        -0.0102       -3740.95
         5        -0.0099       -3917.05
         5        -0.0096       -4104.05
         5        -0.0093        -4303.2
         5         -0.009          -4516
         5        -0.0087        -4744.2
         5        -0.0084       -4989.88
         5        -0.0081       -5255.52
         5        -0.0078       -5544.11
         5        -0.0075       -5859.34
         5        -0.0072       -6205.88
         5        -0.0069       -6589.68
         5        -0.0066        -7018.6
         5        -0.0063       -7503.33
         5         -0.006       -8059.17
         5        -0.0057       -8709.55
         5        -0.0054       -9496.58
         5        -0.0051         -10000
         5        -0.0048         -10000
         5        -0.0045         -10000
         5        -0.0042       -9980.53
         5        -0.0039       -9852.64
         5        -0.0036       -9744.55
         5        -0.0033       -9656.39
         5         -0.003       -9586.96
         5        -0.0027       -9534.36
         5        -0.0024       -9496.18
         5        -0.0021       -9470.21
         5        -0.0018       -9454.17
         5        -0.0015        -9445.6
         5        -0.0012       -9442.31
         5        -0.0009       -9442.22
         5        -0.0006        -9443.3
         5        -0.0003       -9445.25
         5              0       -9446.77
         5         0.0003       -9447.29
         5         0.0006       -9447.02
         5         0.0009        -9445.9
         5         0.0012        -9444.6
         5         0.0015       -9443.79
         5         0.0018       -9444.53
         5         0.0021       -9449.58
         5         0.0024       -9460.67
         5         0.0027       -9479.99
         5          0.003       -9509.91
         5         0.0033       -9552.62
         5         0.0036       -9610.42
         5         0.0039       -9685.41
         5         0.0042       -9779.41
         5         0.0045       -9893.25
         5         0.0048         -10000
         5         0.0051         -10000
         5         0.0054         -10000
         5         0.0057         -10000
         5          0.006       -9228.69
         5         0.0063       -8499.36
         5         0.0066        -7888.8
         5         0.0069       -7363.53
         5         0.0072       -6903.43
         5         0.0075          -6495
         5         0.0078       -6128.62
         5         0.0081       -5797.18
         5         0.0084       -5495.21
         5         0.0087       -5218.44
         5          0.009       -4963.42
         5         0.0093       -4727.38
         5         0.0096       -4508.02
         5         0.0099       -4303.38
         5         0.0102       -4111.81
         5         0.0105       -3931.88
         5         0.0108       -3762.39
         5         0.0111       -3602.26
         5         0.0114       -3450.55
         5         0.0117       -3306.45
         5          0.012       -3169.25
         5         0.0123       -3038.23
         5         0.0126       -2912.76
         5         0.0129       -2792.33
         5         0.0132       -2676.41
         5         0.0135       -2564.51
         5         0.0138       -2456.14
         5         0.0141       -2350.86
         5         0.0144       -2248.27
         5         0.0147       -2147.98
         5          0.015       -2049.57
         5         0.0153       -1952.63
         5         0.0156       -1856.63
         5         0.0159       -1761.11
         5         0.0162       -1665.57
         5         0.0165        -1569.4
         5         0.0168       -1471.94
         5         0.0171       -1372.35
         5         0.0174       -1269.65
         5         0.0177       -1162.49
         5          0.018       -1049.17
         5         0.0183       -927.225
         5         0.0186       -793.026
         5         0.0189       -640.747
         5         0.0192        -460.35
         5         0.0195       -232.539
         5         0.0198              0
         5         0.0201              0
         5         0.0204              0
         5         0.0207       -31.3101
         5          0.021       -222.686
         5         0.0213       -352.048
         5         0.0216       -445.065
         5         0.0219       -514.802
         5         0.0222       -568.496
         5         0.0225       -610.516
         5         0.0228       -643.783
         5         0.0231       -670.261
         5         0.0234       -691.352
         5         0.0237       -708.125
         5          0.024       -721.337
         5         0.0243        -731.59
         5         0.0246       -739.387
         5         0.0249        -745.13
         5         0.0252       -749.124
         5         0.0255       -751.618
         5         0.0258       -752.824
         5         0.0261        -752.93
         5         0.0264       -752.099
         5         0.0267       -750.458
         5          0.027       -748.111
         5         0.0273       -745.161
         5         0.0276       -741.681
         5         0.0279       -737.728
         5         0.0282        -733.37
         5         0.0285       -728.677
         5         0.0288       -723.688
         5         0.0291       -718.447
         5         0.0294       -712.991
         5         0.0297       -707.354
         5           0.03       -701.568
         5         0.0303       -695.664
         5         0.0306       -689.666
         5         0.0309       -683.598
         5         0.0312       -677.471
         5         0.0315       -671.301
         5         0.0318       -665.103
         5         0.0321       -658.892
         5         0.0324       -652.685
         5         0.0327       -646.494
         5          0.033       -640.327
         5         0.0333       -634.194
         5         0.0336         -628.1
         5         0.0339       -622.058
         5         0.0342       -616.075
         5         0.0345       -610.158
         5         0.0348       -604.311
         5         0.0351       -598.542
         5         0.0354       -592.858
         5         0.0357       -587.264
         5          0.036       -581.766
         5         0.0363       -576.367
         5         0.0366       -571.069
         5         0.0369       -565.875
         5         0.0372       -560.787
         5         0.0375       -555.807
         5         0.0378        -550.94
         5         0.0381        -546.19
         5         0.0384       -541.561
         5         0.0387       -537.054
         5          0.039       -532.673
         5         0.0393       -528.421
         5         0.0396       -524.301
         5         0.0399       -520.313
         5         0.0402       -516.459
         5         0.0405       -512.739
         5         0.0408       -509.155
         5         0.0411       -505.708
         5         0.0414       -502.401
         5         0.0417       -499.235
         5          0.042       -496.211
         5         0.0423        -493.33
         5         0.0426       -490.594
         5         0.0429       -488.002
         5         0.0432       -485.557
         5         0.0435        -483.26
         5         0.0438       -481.112
         5         0.0441       -479.116
         5         0.0444       -477.272
         5         0.0447       -475.582
         5          0.045       -474.047
         5         0.0453       -472.667
         5         0.0456       -471.443
         5         0.0459       -470.378
         5         0.0462       -469.473
         5         0.0465       -468.728
         5         0.0468       -468.146
         5         0.0471       -467.729
         5         0.0474       -467.478
         5         0.0477       -467.394
