# iteration    r (m)    potential (V)
         1         -0.048              0
         1        -0.0477              0
         1        -0.0474              0
         1        -0.0471              0
         1        -0.0468              0
         1        -0.0465              0
         1        -0.0462              0
         1        -0.0459              0
         1        -0.0456              0
         1        -0.0453              0
         1         -0.045              0
         1        -0.0447              0
         1        -0.0444              0
         1        -0.0441              0
         1        -0.0438              0
         1        -0.0435              0
         1        -0.0432              0
         1        -0.0429              0
         1        -0.0426              0
         1        -0.0423              0
         1         -0.042              0
         1        -0.0417              0
         1        -0.0414              0
         1        -0.0411              0
         1        -0.0408              0
         1        -0.0405              0
         1        -0.0402              0
         1        -0.0399              0
         1        -0.0396              0
         1        -0.0393              0
         1         -0.039              0
         1        -0.0387              0
         1        -0.0384              0
         1        -0.0381              0
         1        -0.0378              0
         1        -0.0375              0
         1        -0.0372              0
         1        -0.0369              0
         1        -0.0366              0
         1        -0.0363              0
         1         -0.036              0
         1        -0.0357              0
         1        -0.0354              0
         1        -0.0351              0
         1        -0.0348              0
         1        -0.0345              0
         1        -0.0342              0
         1        -0.0339              0
         1        -0.0336              0
         1        -0.0333              0
         1         -0.033              0
         1        -0.0327              0
         1        -0.0324              0
         1        -0.0321              0
         1        -0.0318              0
         1        -0.0315              0
         1        -0.0312              0
         1        -0.0309              0
         1        -0.0306              0
         1        -0.0303              0
         1          -0.03       -3.97557
         1        -0.0297       -16.8843
         1        -0.0294       -29.9213
         1        -0.0291       -43.0996
         1        -0.0288       -56.4353
         1        -0.0285       -69.9469
         1        -0.0282       -83.6541
         1        -0.0279       -97.5782
         1        -0.0276       -111.742
         1        -0.0273       -126.168
         1         -0.027       -140.883
         1        -0.0267       -155.912
         1        -0.0264       -171.282
         1        -0.0261       -187.024
         1        -0.0258       -203.167
         1        -0.0255       -219.744
         1        -0.0252       -236.791
         1        -0.0249       -254.343
         1        -0.0246       -272.439
         1        -0.0243       -291.121
         1         -0.024       -310.433
         1        -0.0237       -330.422
         1        -0.0234       -351.136
         1        -0.0231       -372.628
         1        -0.0228       -394.953
         1        -0.0225        -418.17
         1        -0.0222       -442.339
         1        -0.0219       -467.526
         1        -0.0216       -493.799
         1        -0.0213        -521.23
         1         -0.021       -549.894
         1        -0.0207        -579.87
         1        -0.0204       -611.241
         1        -0.0201       -644.093
         1        -0.0198       -678.518
         1        -0.0195       -714.609
         1        -0.0192       -752.463
         1        -0.0189       -792.183
         1        -0.0186       -833.873
         1        -0.0183       -877.643
         1         -0.018       -923.605
         1        -0.0177       -971.877
         1        -0.0174       -1022.58
         1        -0.0171       -1075.84
         1        -0.0168        -1131.8
         1        -0.0165       -1190.58
         1        -0.0162       -1252.34
         1        -0.0159       -1317.22
         1        -0.0156        -1385.4
         1        -0.0153       -1457.04
         1         -0.015       -1532.33
         1        -0.0147       -1611.46
         1        -0.0144       -1694.66
         1        -0.0141       -1782.16
         1        -0.0138       -1874.21
         1        -0.0135       -1971.08
         1        -0.0132       -2073.09
         1        -0.0129       -2180.56
         1        -0.0126       -2293.87
         1        -0.0123       -2413.43
         1         -0.012       -2539.71
         1        -0.0117       -2673.21
         1        -0.0114       -2814.53
         1        -0.0111       -2964.31
         1        -0.0108        -3123.3
         1        -0.0105       -3292.34
         1        -0.0102       -3472.41
         1        -0.0099       -3664.61
         1        -0.0096       -3870.23
         1        -0.0093        -4090.8
         1         -0.009       -4328.07
         1        -0.0087       -4584.17
         1        -0.0084       -4861.61
         1        -0.0081       -5163.46
         1        -0.0078        -5493.5
         1        -0.0075       -5856.46
         1        -0.0072       -6258.36
         1        -0.0069       -6707.05
         1        -0.0066       -7212.99
         1        -0.0063       -7790.34
         1         -0.006       -8457.64
         1        -0.0057       -9232.45
         1        -0.0054         -10000
         1        -0.0051         -10000
         1        -0.0048         -10000
         1        -0.0045       -9983.22
         1        -0.0042       -9847.25
         1        -0.0039       -9722.17
         1        -0.0036       -9616.96
         1        -0.0033       -9531.88
         1         -0.003       -9465.06
         1        -0.0027       -9414.16
         1        -0.0024       -9376.74
         1        -0.0021       -9350.46
         1        -0.0018       -9333.07
         1        -0.0015       -9322.47
         1        -0.0012       -9316.76
         1        -0.0009       -9314.24
         1        -0.0006       -9313.52
         1        -0.0003       -9313.53
         1              0        -9313.6
         1         0.0003       -9313.52
         1         0.0006       -9313.52
         1         0.0009       -9314.24
         1         0.0012       -9316.75
         1         0.0015       -9322.45
         1         0.0018       -9333.04
         1         0.0021       -9350.42
         1         0.0024       -9376.69
         1         0.0027        -9414.1
         1          0.003       -9464.98
         1         0.0033       -9531.78
         1         0.0036       -9616.85
         1         0.0039       -9722.05
         1         0.0042       -9847.14
         1         0.0045       -9983.11
         1         0.0048         -10000
         1         0.0051         -10000
         1         0.0054         -10000
         1         0.0057        -9233.7
         1          0.006       -8458.58
         1         0.0063       -7791.26
         1         0.0066       -7213.95
         1         0.0069       -6708.05
         1         0.0072       -6259.39
         1         0.0075       -5857.54
         1         0.0078       -5494.64
         1         0.0081       -5164.67
         1         0.0084        -4862.9
         1         0.0087       -4585.56
         1          0.009       -4329.57
         1         0.0093       -4092.41
         1         0.0096       -3871.97
         1         0.0099       -3666.48
         1         0.0102       -3474.43
         1         0.0105       -3294.53
         1         0.0108       -3125.65
         1         0.0111       -2966.84
         1         0.0114       -2817.24
         1         0.0117       -2676.11
         1          0.012        -2542.8
         1         0.0123       -2416.72
         1         0.0126       -2297.36
         1         0.0129       -2184.25
         1         0.0132       -2076.98
         1         0.0135       -1975.18
         1         0.0138        -1878.5
         1         0.0141       -1786.65
         1         0.0144       -1699.34
         1         0.0147       -1616.31
         1          0.015       -1537.33
         1         0.0153       -1462.19
         1         0.0156       -1390.68
         1         0.0159       -1322.62
         1         0.0162       -1257.84
         1         0.0165       -1196.16
         1         0.0168       -1137.44
         1         0.0171       -1081.52
         1         0.0174       -1028.28
         1         0.0177        -977.57
         1          0.018       -929.275
         1         0.0183        -883.27
         1         0.0186       -839.439
         1         0.0189        -797.67
         1         0.0192       -757.854
         1         0.0195       -719.888
         1         0.0198       -683.672
         1         0.0201        -649.11
         1         0.0204       -616.109
         1         0.0207       -584.581
         1          0.021       -554.441
         1         0.0213       -525.606
         1         0.0216           -498
         1         0.0219       -471.549
         1         0.0222       -446.181
         1         0.0225        -421.83
         1         0.0228       -398.433
         1         0.0231       -375.927
         1         0.0234       -354.256
         1         0.0237       -333.366
         1          0.024       -313.203
         1         0.0243       -293.721
         1         0.0246       -274.871
         1         0.0249       -256.612
         1         0.0252         -238.9
         1         0.0255       -221.699
         1         0.0258        -204.97
         1         0.0261        -188.68
         1         0.0264       -172.795
         1         0.0267       -157.285
         1          0.027        -142.12
         1         0.0273       -127.273
         1         0.0276       -112.718
         1         0.0279       -98.4283
         1         0.0282        -84.381
         1         0.0285       -70.5533
         1         0.0288       -56.9236
         1         0.0291       -43.4718
         1         0.0294       -30.1793
         1         0.0297       -17.0297
         1           0.03        -4.0098
         1         0.0303              0
         1         0.0306              0
         1         0.0309              0
         1         0.0312              0
         1         0.0315              0
         1         0.0318              0
         1         0.0321              0
         1         0.0324              0
         1         0.0327              0
         1          0.033              0
         1         0.0333              0
         1         0.0336              0
         1         0.0339              0
         1         0.0342              0
         1         0.0345              0
         1         0.0348              0
         1         0.0351              0
         1         0.0354              0
         1         0.0357              0
         1          0.036              0
         1         0.0363              0
         1         0.0366              0
         1         0.0369              0
         1         0.0372              0
         1         0.0375              0
         1         0.0378              0
         1         0.0381              0
         1         0.0384              0
         1         0.0387              0
         1          0.039              0
         1         0.0393              0
         1         0.0396              0
         1         0.0399              0
         1         0.0402              0
         1         0.0405              0
         1         0.0408              0
         1         0.0411              0
         1         0.0414              0
         1         0.0417              0
         1          0.042              0
         1         0.0423              0
         1         0.0426              0
         1         0.0429              0
         1         0.0432              0
         1         0.0435              0
         1         0.0438              0
         1         0.0441              0
         1         0.0444              0
         1         0.0447              0
         1          0.045              0
         1         0.0453              0
         1         0.0456              0
         1         0.0459              0
         1         0.0462              0
         1         0.0465              0
         1         0.0468              0
         1         0.0471              0
         1         0.0474              0
         1         0.0477              0
         2         -0.048              0
         2        -0.0477              0
         2        -0.0474              0
         2        -0.0471              0
         2        -0.0468              0
         2        -0.0465              0
         2        -0.0462              0
         2        -0.0459              0
         2        -0.0456              0
         2        -0.0453              0
         2         -0.045              0
         2        -0.0447              0
         2        -0.0444              0
         2        -0.0441              0
         2        -0.0438              0
         2        -0.0435              0
         2        -0.0432              0
         2        -0.0429              0
         2        -0.0426              0
         2        -0.0423              0
         2         -0.042              0
         2        -0.0417              0
         2        -0.0414              0
         2        -0.0411              0
         2        -0.0408              0
         2        -0.0405              0
         2        -0.0402              0
         2        -0.0399              0
         2        -0.0396              0
         2        -0.0393              0
         2         -0.039              0
         2        -0.0387              0
         2        -0.0384              0
         2        -0.0381              0
         2        -0.0378              0
         2        -0.0375              0
         2        -0.0372              0
         2        -0.0369              0
         2        -0.0366              0
         2        -0.0363              0
         2         -0.036              0
         2        -0.0357              0
         2        -0.0354              0
         2        -0.0351              0
         2        -0.0348              0
         2        -0.0345              0
         2        -0.0342              0
         2        -0.0339              0
         2        -0.0336              0
         2        -0.0333              0
         2         -0.033              0
         2        -0.0327              0
         2        -0.0324              0
         2        -0.0321              0
         2        -0.0318              0
         2        -0.0315              0
         2        -0.0312              0
         2        -0.0309              0
         2        -0.0306              0
         2        -0.0303              0
         2          -0.03       -5.85661
         2        -0.0297       -24.8107
         2        -0.0294       -43.8563
         2        -0.0291       -63.0049
         2        -0.0288       -82.2718
         2        -0.0285       -101.675
         2        -0.0282       -121.233
         2        -0.0279       -140.967
         2        -0.0276       -160.899
         2        -0.0273       -181.053
         2         -0.027       -201.453
         2        -0.0267       -222.126
         2        -0.0264       -243.098
         2        -0.0261         -264.4
         2        -0.0258       -286.063
         2        -0.0255       -308.118
         2        -0.0252         -330.6
         2        -0.0249       -353.545
         2        -0.0246       -376.993
         2        -0.0243       -400.982
         2         -0.024       -425.556
         2        -0.0237       -450.761
         2        -0.0234       -476.644
         2        -0.0231       -503.258
         2        -0.0228       -530.655
         2        -0.0225        -558.89
         2        -0.0222        -588.02
         2        -0.0219       -618.105
         2        -0.0216       -649.207
         2        -0.0213       -681.387
         2         -0.021       -714.709
         2        -0.0207       -749.235
         2        -0.0204       -785.027
         2        -0.0201       -822.134
         2        -0.0198       -860.565
         2        -0.0195       -900.315
         2        -0.0192       -941.509
         2        -0.0189       -984.255
         2        -0.0186       -1028.69
         2        -0.0183       -1074.99
         2         -0.018       -1123.23
         2        -0.0177       -1173.49
         2        -0.0174       -1225.96
         2        -0.0171       -1280.77
         2        -0.0168       -1338.09
         2        -0.0165          -1398
         2        -0.0162        -1460.7
         2        -0.0159       -1526.34
         2        -0.0156       -1595.05
         2        -0.0153       -1667.03
         2         -0.015       -1742.48
         2        -0.0147       -1821.58
         2        -0.0144       -1904.49
         2        -0.0141       -1991.51
         2        -0.0138        -2082.9
         2        -0.0135       -2178.91
         2        -0.0132       -2279.83
         2        -0.0129       -2386.02
         2        -0.0126       -2497.81
         2        -0.0123       -2615.62
         2         -0.012       -2739.87
         2        -0.0117       -2871.06
         2        -0.0114       -3009.77
         2        -0.0111       -3156.62
         2        -0.0108       -3312.33
         2        -0.0105       -3477.75
         2        -0.0102       -3653.81
         2        -0.0099       -3841.58
         2        -0.0096       -4042.32
         2        -0.0093       -4257.46
         2         -0.009       -4488.73
         2        -0.0087       -4738.23
         2        -0.0084       -5008.39
         2        -0.0081       -5302.17
         2        -0.0078       -5623.22
         2        -0.0075       -5976.14
         2        -0.0072        -6366.8
         2        -0.0069       -6802.78
         2        -0.0066       -7294.23
         2        -0.0063        -7854.9
         2         -0.006       -8502.79
         2        -0.0057       -9254.95
         2        -0.0054         -10000
         2        -0.0051         -10000
         2        -0.0048         -10000
         2        -0.0045       -9984.05
         2        -0.0042        -9854.9
         2        -0.0039       -9736.47
         2        -0.0036        -9637.4
         2        -0.0033       -9557.93
         2         -0.003       -9496.28
         2        -0.0027       -9450.18
         2        -0.0024       -9417.28
         2        -0.0021       -9395.25
         2        -0.0018       -9381.96
         2        -0.0015       -9375.17
         2        -0.0012       -9372.84
         2        -0.0009       -9373.19
         2        -0.0006       -9375.16
         2        -0.0003       -9377.62
         2              0       -9378.69
         2         0.0003        -9378.8
         2         0.0006       -9376.73
         2         0.0009       -9374.69
         2         0.0012       -9374.25
         2         0.0015       -9376.33
         2         0.0018       -9382.91
         2         0.0021        -9395.9
         2         0.0024       -9417.76
         2         0.0027        -9450.6
         2          0.003       -9496.68
         2         0.0033       -9558.31
         2         0.0036       -9637.69
         2         0.0039       -9736.62
         2         0.0042       -9854.93
         2         0.0045       -9983.97
         2         0.0048         -10000
         2         0.0051         -10000
         2         0.0054         -10000
         2         0.0057       -9256.07
         2          0.006       -8503.52
         2         0.0063       -7855.56
         2         0.0066       -7294.89
         2         0.0069       -6803.45
         2         0.0072       -6367.51
         2         0.0075       -5976.93
         2         0.0078       -5624.09
         2         0.0081       -5303.11
         2         0.0084       -5009.45
         2         0.0087       -4739.43
         2          0.009       -4490.07
         2         0.0093       -4258.91
         2         0.0096        -4043.9
         2         0.0099       -3843.34
         2         0.0102       -3655.75
         2         0.0105       -3479.89
         2         0.0108        -3314.7
         2         0.0111       -3159.16
         2         0.0114       -3012.49
         2         0.0117       -2873.99
         2          0.012       -2743.03
         2         0.0123       -2619.03
         2         0.0126       -2501.46
         2         0.0129       -2389.91
         2         0.0132       -2283.95
         2         0.0135       -2183.23
         2         0.0138       -2087.47
         2         0.0141       -1996.36
         2         0.0144       -1909.57
         2         0.0147       -1826.85
         2          0.015       -1747.95
         2         0.0153       -1672.69
         2         0.0156       -1600.84
         2         0.0159       -1532.22
         2         0.0162       -1466.67
         2         0.0165       -1404.03
         2         0.0168       -1344.15
         2         0.0171       -1286.86
         2         0.0174       -1232.04
         2         0.0177       -1179.54
         2          0.018       -1129.23
         2         0.0183       -1080.98
         2         0.0186       -1034.63
         2         0.0189        -990.02
         2         0.0192       -947.094
         2         0.0195       -905.729
         2         0.0198       -865.788
         2         0.0201       -827.185
         2         0.0204       -789.919
         2         0.0207        -753.96
         2          0.021       -719.256
         2         0.0213       -685.748
         2         0.0216       -653.377
         2         0.0219       -622.081
         2         0.0222       -591.798
         2         0.0225        -562.47
         2         0.0228       -534.037
         2         0.0231       -506.443
         2         0.0234       -479.636
         2         0.0237       -453.561
         2          0.024       -428.171
         2         0.0243       -403.416
         2         0.0246       -379.253
         2         0.0249       -355.638
         2         0.0252       -332.529
         2         0.0255        -309.89
         2         0.0258       -287.684
         2         0.0261       -265.876
         2         0.0264       -244.433
         2         0.0267       -223.326
         2          0.027       -202.524
         2         0.0273           -182
         2         0.0276       -161.727
         2         0.0279        -141.68
         2         0.0282       -121.835
         2         0.0285        -102.17
         2         0.0288       -82.6631
         2         0.0291       -63.2957
         2         0.0294       -44.0499
         2         0.0297       -24.9122
         2           0.03       -5.87584
         2         0.0303              0
         2         0.0306              0
         2         0.0309              0
         2         0.0312              0
         2         0.0315              0
         2         0.0318              0
         2         0.0321              0
         2         0.0324              0
         2         0.0327              0
         2          0.033              0
         2         0.0333              0
         2         0.0336              0
         2         0.0339              0
         2         0.0342              0
         2         0.0345              0
         2         0.0348              0
         2         0.0351              0
         2         0.0354              0
         2         0.0357              0
         2          0.036              0
         2         0.0363              0
         2         0.0366              0
         2         0.0369              0
         2         0.0372              0
         2         0.0375              0
         2         0.0378              0
         2         0.0381              0
         2         0.0384              0
         2         0.0387              0
         2          0.039              0
         2         0.0393              0
         2         0.0396              0
         2         0.0399              0
         2         0.0402              0
         2         0.0405              0
         2         0.0408              0
         2         0.0411              0
         2         0.0414              0
         2         0.0417              0
         2          0.042              0
         2         0.0423              0
         2         0.0426              0
         2         0.0429              0
         2         0.0432              0
         2         0.0435              0
         2         0.0438              0
         2         0.0441              0
         2         0.0444              0
         2         0.0447              0
         2          0.045              0
         2         0.0453              0
         2         0.0456              0
         2         0.0459              0
         2         0.0462              0
         2         0.0465              0
         2         0.0468              0
         2         0.0471              0
         2         0.0474              0
         2         0.0477              0
         3         -0.048              0
         3        -0.0477              0
         3        -0.0474              0
         3        -0.0471              0
         3        -0.0468              0
         3        -0.0465              0
         3        -0.0462              0
         3        -0.0459              0
         3        -0.0456              0
         3        -0.0453              0
         3         -0.045              0
         3        -0.0447              0
         3        -0.0444              0
         3        -0.0441              0
         3        -0.0438              0
         3        -0.0435              0
         3        -0.0432              0
         3        -0.0429              0
         3        -0.0426              0
         3        -0.0423              0
         3         -0.042              0
         3        -0.0417              0
         3        -0.0414              0
         3        -0.0411              0
         3        -0.0408              0
         3        -0.0405              0
         3        -0.0402              0
         3        -0.0399              0
         3        -0.0396              0
         3        -0.0393              0
         3         -0.039              0
         3        -0.0387              0
         3        -0.0384              0
         3        -0.0381              0
         3        -0.0378              0
         3        -0.0375              0
         3        -0.0372              0
         3        -0.0369              0
         3        -0.0366              0
         3        -0.0363              0
         3         -0.036              0
         3        -0.0357              0
         3        -0.0354              0
         3        -0.0351              0
         3        -0.0348              0
         3        -0.0345              0
         3        -0.0342              0
         3        -0.0339              0
         3        -0.0336              0
         3        -0.0333              0
         3         -0.033              0
         3        -0.0327              0
         3        -0.0324              0
         3        -0.0321              0
         3        -0.0318              0
         3        -0.0315              0
         3        -0.0312              0
         3        -0.0309              0
         3        -0.0306              0
         3        -0.0303              0
         3          -0.03       -7.09394
         3        -0.0297       -30.0323
         3        -0.0294       -53.0439
         3        -0.0291       -76.1379
         3        -0.0288       -99.3279
         3        -0.0285       -122.631
         3        -0.0282       -146.066
         3        -0.0279       -169.654
         3        -0.0276       -193.417
         3        -0.0273       -217.379
         3         -0.027       -241.563
         3        -0.0267       -265.996
         3        -0.0264       -290.705
         3        -0.0261       -315.721
         3        -0.0258       -341.073
         3        -0.0255       -366.794
         3        -0.0252       -392.918
         3        -0.0249       -419.482
         3        -0.0246       -446.524
         3        -0.0243       -474.084
         3         -0.024       -502.205
         3        -0.0237       -530.931
         3        -0.0234       -560.312
         3        -0.0231       -590.396
         3        -0.0228       -621.234
         3        -0.0225       -652.879
         3        -0.0222       -685.386
         3        -0.0219       -718.811
         3        -0.0216       -753.211
         3        -0.0213       -788.641
         3         -0.021       -825.154
         3        -0.0207         -862.8
         3        -0.0204       -901.627
         3        -0.0201       -941.665
         3        -0.0198       -982.888
         3        -0.0195       -1025.25
         3        -0.0192       -1068.87
         3        -0.0189       -1113.81
         3        -0.0186       -1160.25
         3        -0.0183        -1208.4
         3         -0.018       -1258.31
         3        -0.0177       -1310.09
         3        -0.0174       -1363.91
         3        -0.0171       -1419.88
         3        -0.0168       -1478.22
         3        -0.0165       -1539.03
         3        -0.0162       -1602.47
         3        -0.0159       -1668.65
         3        -0.0156       -1737.81
         3        -0.0153       -1810.13
         3         -0.015       -1885.78
         3        -0.0147       -1964.94
         3        -0.0144       -2047.75
         3        -0.0141       -2134.52
         3        -0.0138       -2225.48
         3        -0.0135       -2320.91
         3        -0.0132       -2421.11
         3        -0.0129       -2526.43
         3        -0.0126       -2637.19
         3        -0.0123       -2753.77
         3         -0.012        -2876.6
         3        -0.0117        -3006.2
         3        -0.0114       -3143.12
         3        -0.0111       -3287.97
         3        -0.0108       -3441.46
         3        -0.0105        -3604.4
         3        -0.0102       -3777.73
         3        -0.0099       -3962.49
         3        -0.0096       -4159.89
         3        -0.0093       -4371.35
         3         -0.009       -4598.51
         3        -0.0087       -4843.48
         3        -0.0084       -5108.65
         3        -0.0081       -5396.89
         3        -0.0078        -5711.8
         3        -0.0075       -6057.87
         3        -0.0072       -6440.84
         3        -0.0069       -6868.14
         3        -0.0066       -7349.69
         3        -0.0063       -7898.97
         3         -0.006       -8533.61
         3        -0.0057        -9270.3
         3        -0.0054         -10000
         3        -0.0051         -10000
         3        -0.0048         -10000
         3        -0.0045       -9984.61
         3        -0.0042       -9860.01
         3        -0.0039       -9746.03
         3        -0.0036       -9651.02
         3        -0.0033       -9575.19
         3         -0.003       -9516.82
         3        -0.0027       -9473.64
         3        -0.0024       -9443.34
         3        -0.0021       -9423.67
         3        -0.0018       -9412.45
         3        -0.0015       -9407.13
         3        -0.0012       -9405.79
         3        -0.0009       -9406.58
         3        -0.0006       -9408.36
         3        -0.0003       -9410.23
         3              0       -9410.75
         3         0.0003       -9410.47
         3         0.0006       -9408.66
         3         0.0009       -9406.97
         3         0.0012        -9406.2
         3         0.0015       -9407.17
         3         0.0018        -9412.3
         3         0.0021       -9423.53
         3         0.0024       -9443.17
         3         0.0027        -9473.5
         3          0.003       -9516.77
         3         0.0033       -9575.27
         3         0.0036       -9651.12
         3         0.0039       -9746.07
         3         0.0042          -9860
         3         0.0045       -9984.52
         3         0.0048         -10000
         3         0.0051         -10000
         3         0.0054         -10000
         3         0.0057       -9271.46
         3          0.006       -8534.43
         3         0.0063       -7899.77
         3         0.0066       -7350.52
         3         0.0069          -6869
         3         0.0072       -6441.77
         3         0.0075        -6058.9
         3         0.0078       -5712.92
         3         0.0081       -5398.11
         3         0.0084       -5109.98
         3         0.0087       -4844.97
         3          0.009       -4600.16
         3         0.0093       -4373.12
         3         0.0096       -4161.81
         3         0.0099       -3964.61
         3         0.0102       -3780.06
         3         0.0105       -3606.97
         3         0.0108       -3444.29
         3         0.0111       -3291.01
         3         0.0114       -3146.36
         3         0.0117       -3009.62
         3          0.012        -2880.2
         3         0.0123       -2757.55
         3         0.0126       -2641.12
         3         0.0129       -2530.57
         3         0.0132       -2425.46
         3         0.0135       -2325.46
         3         0.0138       -2230.27
         3         0.0141       -2139.57
         3         0.0144       -2053.06
         3         0.0147       -1970.46
         3          0.015       -1891.56
         3         0.0153       -1816.17
         3         0.0156       -1744.05
         3         0.0159       -1675.05
         3         0.0162       -1608.96
         3         0.0165       -1545.65
         3         0.0168       -1484.94
         3         0.0171       -1426.66
         3         0.0174       -1370.72
         3         0.0177       -1316.95
         3          0.018       -1265.22
         3         0.0183       -1215.37
         3         0.0186       -1167.23
         3         0.0189       -1120.66
         3         0.0192       -1075.64
         3         0.0195       -1031.89
         3         0.0198       -989.317
         3         0.0201       -947.893
         3         0.0204       -907.652
         3         0.0207       -868.605
         3          0.021       -830.725
         3         0.0213       -793.972
         3         0.0216       -758.298
         3         0.0219       -723.653
         3         0.0222       -689.981
         3         0.0225       -657.228
         3         0.0228       -625.339
         3         0.0231       -594.262
         3         0.0234       -563.945
         3         0.0237       -534.336
         3          0.024       -505.387
         3         0.0243        -477.05
         3         0.0246       -449.282
         3         0.0249       -422.039
         3         0.0252       -395.281
         3         0.0255        -368.97
         3         0.0258       -343.068
         3         0.0261       -317.543
         3         0.0264       -292.361
         3         0.0267       -267.492
         3          0.027       -242.905
         3         0.0273       -218.572
         3         0.0276       -194.469
         3         0.0279       -170.567
         3         0.0282       -146.845
         3         0.0285       -123.279
         3         0.0288       -99.8481
         3         0.0291       -76.5315
         3         0.0294       -53.3122
         3         0.0297       -30.1768
         3           0.03        -7.1218
         3         0.0303              0
         3         0.0306              0
         3         0.0309              0
         3         0.0312              0
         3         0.0315              0
         3         0.0318              0
         3         0.0321              0
         3         0.0324              0
         3         0.0327              0
         3          0.033              0
         3         0.0333              0
         3         0.0336              0
         3         0.0339              0
         3         0.0342              0
         3         0.0345              0
         3         0.0348              0
         3         0.0351              0
         3         0.0354              0
         3         0.0357              0
         3          0.036              0
         3         0.0363              0
         3         0.0366              0
         3         0.0369              0
         3         0.0372              0
         3         0.0375              0
         3         0.0378              0
         3         0.0381              0
         3         0.0384              0
         3         0.0387              0
         3          0.039              0
         3         0.0393              0
         3         0.0396              0
         3         0.0399              0
         3         0.0402              0
         3         0.0405              0
         3         0.0408              0
         3         0.0411              0
         3         0.0414              0
         3         0.0417              0
         3          0.042              0
         3         0.0423              0
         3         0.0426              0
         3         0.0429              0
         3         0.0432              0
         3         0.0435              0
         3         0.0438              0
         3         0.0441              0
         3         0.0444              0
         3         0.0447              0
         3          0.045              0
         3         0.0453              0
         3         0.0456              0
         3         0.0459              0
         3         0.0462              0
         3         0.0465              0
         3         0.0468              0
         3         0.0471              0
         3         0.0474              0
         3         0.0477              0
         4         -0.048              0
         4        -0.0477              0
         4        -0.0474              0
         4        -0.0471              0
         4        -0.0468              0
         4        -0.0465              0
         4        -0.0462              0
         4        -0.0459              0
         4        -0.0456              0
         4        -0.0453              0
         4         -0.045              0
         4        -0.0447              0
         4        -0.0444              0
         4        -0.0441              0
         4        -0.0438              0
         4        -0.0435              0
         4        -0.0432              0
         4        -0.0429              0
         4        -0.0426              0
         4        -0.0423              0
         4         -0.042              0
         4        -0.0417              0
         4        -0.0414              0
         4        -0.0411              0
         4        -0.0408              0
         4        -0.0405              0
         4        -0.0402              0
         4        -0.0399              0
         4        -0.0396              0
         4        -0.0393              0
         4         -0.039              0
         4        -0.0387              0
         4        -0.0384              0
         4        -0.0381              0
         4        -0.0378              0
         4        -0.0375              0
         4        -0.0372              0
         4        -0.0369              0
         4        -0.0366              0
         4        -0.0363              0
         4         -0.036              0
         4        -0.0357              0
         4        -0.0354              0
         4        -0.0351              0
         4        -0.0348              0
         4        -0.0345              0
         4        -0.0342              0
         4        -0.0339              0
         4        -0.0336              0
         4        -0.0333              0
         4         -0.033              0
         4        -0.0327              0
         4        -0.0324              0
         4        -0.0321              0
         4        -0.0318              0
         4        -0.0315              0
         4        -0.0312              0
         4        -0.0309              0
         4        -0.0306              0
         4        -0.0303              0
         4          -0.03       -7.91522
         4        -0.0297       -33.4996
         4        -0.0294       -59.1476
         4        -0.0291       -84.8668
         4        -0.0288        -110.67
         4        -0.0285       -136.573
         4        -0.0282       -162.596
         4        -0.0279       -188.758
         4        -0.0276       -215.082
         4        -0.0273        -241.59
         4         -0.027       -268.309
         4        -0.0267       -295.263
         4        -0.0264        -322.48
         4        -0.0261        -349.99
         4        -0.0258       -377.824
         4        -0.0255       -406.013
         4        -0.0252       -434.594
         4        -0.0249       -463.601
         4        -0.0246       -493.073
         4        -0.0243       -523.051
         4         -0.024       -553.576
         4        -0.0237       -584.695
         4        -0.0234       -616.454
         4        -0.0231       -648.902
         4        -0.0228        -682.09
         4        -0.0225       -716.071
         4        -0.0222       -750.897
         4        -0.0219       -786.624
         4        -0.0216       -823.304
         4        -0.0213        -860.99
         4         -0.021        -899.73
         4        -0.0207       -939.569
         4        -0.0204       -980.542
         4        -0.0201       -1022.66
         4        -0.0198       -1065.89
         4        -0.0195       -1110.09
         4        -0.0192       -1155.38
         4        -0.0189       -1201.86
         4        -0.0186        -1249.7
         4        -0.0183       -1299.11
         4         -0.018       -1350.19
         4        -0.0177       -1403.04
         4        -0.0174       -1457.86
         4        -0.0171       -1514.72
         4        -0.0168       -1573.79
         4        -0.0165       -1635.26
         4        -0.0162       -1699.25
         4        -0.0159       -1765.86
         4        -0.0156       -1835.36
         4        -0.0153       -1907.97
         4         -0.015       -1983.82
         4        -0.0147       -2063.05
         4        -0.0144       -2145.89
         4        -0.0141       -2232.58
         4        -0.0138       -2323.35
         4        -0.0135        -2418.5
         4        -0.0132       -2518.29
         4        -0.0129       -2623.07
         4        -0.0126       -2733.21
         4        -0.0123       -2849.06
         4         -0.012       -2971.04
         4        -0.0117       -3099.63
         4        -0.0114       -3235.37
         4        -0.0111       -3378.89
         4        -0.0108       -3530.89
         4        -0.0105       -3692.15
         4        -0.0102       -3863.62
         4        -0.0099        -4046.3
         4        -0.0096       -4241.39
         4        -0.0093        -4450.3
         4         -0.009       -4674.68
         4        -0.0087       -4916.55
         4        -0.0084       -5178.28
         4        -0.0081       -5462.69
         4        -0.0078       -5773.32
         4        -0.0075       -6114.63
         4        -0.0072       -6492.25
         4        -0.0069        -6913.5
         4        -0.0066       -7388.18
         4        -0.0063       -7929.56
         4         -0.006          -8555
         4        -0.0057       -9280.96
         4        -0.0054         -10000
         4        -0.0051         -10000
         4        -0.0048         -10000
         4        -0.0045       -9984.98
         4        -0.0042       -9863.43
         4        -0.0039       -9752.43
         4        -0.0036       -9660.09
         4        -0.0033       -9586.63
         4         -0.003       -9530.34
         4        -0.0027       -9489.01
         4        -0.0024       -9460.36
         4        -0.0021       -9442.15
         4        -0.0018       -9432.08
         4        -0.0015       -9427.74
         4        -0.0012       -9427.21
         4        -0.0009       -9428.34
         4        -0.0006       -9430.07
         4        -0.0003       -9431.56
         4              0       -9431.99
         4         0.0003       -9431.76
         4         0.0006       -9430.23
         4         0.0009        -9428.6
         4         0.0012       -9427.78
         4         0.0015       -9428.07
         4         0.0018       -9432.32
         4         0.0021       -9442.48
         4         0.0024        -9460.7
         4         0.0027       -9489.35
         4          0.003       -9530.66
         4         0.0033       -9586.94
         4         0.0036       -9660.32
         4         0.0039       -9752.56
         4         0.0042       -9863.49
         4         0.0045        -9984.9
         4         0.0048         -10000
         4         0.0051         -10000
         4         0.0054         -10000
         4         0.0057       -9282.03
         4          0.006       -8555.68
         4         0.0063       -7930.17
         4         0.0066       -7388.78
         4         0.0069       -6914.09
         4         0.0072       -6492.83
         4         0.0075       -6115.25
         4         0.0078       -5773.98
         4         0.0081       -5463.37
         4         0.0084       -5179.03
         4         0.0087       -4917.42
         4          0.009       -4675.68
         4         0.0093       -4451.43
         4         0.0096       -4242.65
         4         0.0099       -4047.71
         4         0.0102        -3865.2
         4         0.0105       -3693.94
         4         0.0108        -3532.9
         4         0.0111       -3381.13
         4         0.0114       -3237.84
         4         0.0117       -3102.29
         4          0.012        -2973.9
         4         0.0123       -2852.15
         4         0.0126       -2736.52
         4         0.0129       -2626.63
         4         0.0132       -2522.09
         4         0.0135       -2422.54
         4         0.0138       -2327.65
         4         0.0141       -2237.14
         4         0.0144        -2150.7
         4         0.0147       -2068.05
         4          0.015       -1989.01
         4         0.0153       -1913.42
         4         0.0156       -1841.02
         4         0.0159       -1771.67
         4         0.0162       -1705.16
         4         0.0165       -1641.32
         4         0.0168       -1579.94
         4         0.0171       -1520.91
         4         0.0174       -1464.06
         4         0.0177       -1409.29
         4          0.018       -1356.43
         4         0.0183       -1305.35
         4         0.0186       -1255.88
         4         0.0189       -1207.88
         4         0.0192       -1161.26
         4         0.0195       -1115.79
         4         0.0198       -1071.37
         4         0.0201       -1027.97
         4         0.0204       -985.682
         4         0.0207       -944.522
         4          0.021       -904.482
         4         0.0213       -865.529
         4         0.0216       -827.625
         4         0.0219       -790.722
         4         0.0222       -754.772
         4         0.0225        -719.72
         4         0.0228       -685.516
         4         0.0231       -652.107
         4         0.0234       -619.444
         4         0.0237       -587.476
         4          0.024       -556.154
         4         0.0243       -525.433
         4         0.0246       -495.268
         4         0.0249       -465.616
         4         0.0252       -436.438
         4         0.0255       -407.694
         4         0.0258       -379.349
         4         0.0261       -351.368
         4         0.0264       -323.719
         4         0.0267        -296.37
         4          0.027       -269.293
         4         0.0273       -242.459
         4         0.0276       -215.842
         4         0.0279       -189.416
         4         0.0282       -163.157
         4         0.0285       -137.042
         4         0.0288       -111.051
         4         0.0291       -85.1617
         4         0.0294       -59.3567
         4         0.0297       -33.6203
         4           0.03       -7.94287
         4         0.0303              0
         4         0.0306              0
         4         0.0309              0
         4         0.0312              0
         4         0.0315              0
         4         0.0318              0
         4         0.0321              0
         4         0.0324              0
         4         0.0327              0
         4          0.033              0
         4         0.0333              0
         4         0.0336              0
         4         0.0339              0
         4         0.0342              0
         4         0.0345              0
         4         0.0348              0
         4         0.0351              0
         4         0.0354              0
         4         0.0357              0
         4          0.036              0
         4         0.0363              0
         4         0.0366              0
         4         0.0369              0
         4         0.0372              0
         4         0.0375              0
         4         0.0378              0
         4         0.0381              0
         4         0.0384              0
         4         0.0387              0
         4          0.039              0
         4         0.0393              0
         4         0.0396              0
         4         0.0399              0
         4         0.0402              0
         4         0.0405              0
         4         0.0408              0
         4         0.0411              0
         4         0.0414              0
         4         0.0417              0
         4          0.042              0
         4         0.0423              0
         4         0.0426              0
         4         0.0429              0
         4         0.0432              0
         4         0.0435              0
         4         0.0438              0
         4         0.0441              0
         4         0.0444              0
         4         0.0447              0
         4          0.045              0
         4         0.0453              0
         4         0.0456              0
         4         0.0459              0
         4         0.0462              0
         4         0.0465              0
         4         0.0468              0
         4         0.0471              0
         4         0.0474              0
         4         0.0477              0
         5         -0.048              0
         5        -0.0477              0
         5        -0.0474              0
         5        -0.0471              0
         5        -0.0468              0
         5        -0.0465              0
         5        -0.0462              0
         5        -0.0459              0
         5        -0.0456              0
         5        -0.0453              0
         5         -0.045              0
         5        -0.0447              0
         5        -0.0444              0
         5        -0.0441              0
         5        -0.0438              0
         5        -0.0435              0
         5        -0.0432              0
         5        -0.0429              0
         5        -0.0426              0
         5        -0.0423              0
         5         -0.042              0
         5        -0.0417              0
         5        -0.0414              0
         5        -0.0411              0
         5        -0.0408              0
         5        -0.0405              0
         5        -0.0402              0
         5        -0.0399              0
         5        -0.0396              0
         5        -0.0393              0
         5         -0.039              0
         5        -0.0387              0
         5        -0.0384              0
         5        -0.0381              0
         5        -0.0378              0
         5        -0.0375              0
         5        -0.0372              0
         5        -0.0369              0
         5        -0.0366              0
         5        -0.0363              0
         5         -0.036              0
         5        -0.0357              0
         5        -0.0354              0
         5        -0.0351              0
         5        -0.0348              0
         5        -0.0345              0
         5        -0.0342              0
         5        -0.0339              0
         5        -0.0336              0
         5        -0.0333              0
         5         -0.033              0
         5        -0.0327              0
         5        -0.0324              0
         5        -0.0321              0
         5        -0.0318              0
         5        -0.0315              0
         5        -0.0312              0
         5        -0.0309              0
         5        -0.0306              0
         5        -0.0303              0
         5          -0.03       -8.44396
         5        -0.0297       -35.7288
         5        -0.0294       -63.0699
         5        -0.0291       -90.4764
         5        -0.0288       -117.961
         5        -0.0285       -145.541
         5        -0.0282       -173.235
         5        -0.0279       -201.063
         5        -0.0276       -229.046
         5        -0.0273       -257.208
         5         -0.027       -285.574
         5        -0.0267        -314.17
         5        -0.0264       -343.022
         5        -0.0261        -372.16
         5        -0.0258       -401.614
         5        -0.0255       -431.417
         5        -0.0252       -461.603
         5        -0.0249       -492.209
         5        -0.0246       -523.273
         5        -0.0243       -554.835
         5         -0.024       -586.941
         5        -0.0237       -619.633
         5        -0.0234       -652.961
         5        -0.0231       -686.973
         5        -0.0228       -721.719
         5        -0.0225        -757.25
         5        -0.0222       -793.619
         5        -0.0219       -830.879
         5        -0.0216       -869.081
         5        -0.0213       -908.275
         5         -0.021       -948.508
         5        -0.0207       -989.819
         5        -0.0204       -1032.23
         5        -0.0201       -1075.76
         5        -0.0198        -1120.3
         5        -0.0195       -1165.68
         5        -0.0192       -1212.06
         5        -0.0189        -1259.6
         5        -0.0186       -1308.45
         5        -0.0183       -1358.76
         5         -0.018       -1410.66
         5        -0.0177       -1464.27
         5        -0.0174       -1519.73
         5        -0.0171       -1577.21
         5        -0.0168       -1636.87
         5        -0.0165       -1698.87
         5        -0.0162       -1763.32
         5        -0.0159       -1830.37
         5        -0.0156        -1900.2
         5        -0.0153       -1973.05
         5         -0.015       -2049.08
         5        -0.0147       -2128.44
         5        -0.0144       -2211.35
         5        -0.0141       -2298.04
         5        -0.0138       -2388.76
         5        -0.0135       -2483.79
         5        -0.0132       -2583.37
         5        -0.0129       -2687.87
         5        -0.0126       -2797.62
         5        -0.0123       -2913.01
         5         -0.012       -3034.44
         5        -0.0117       -3162.39
         5        -0.0114       -3297.39
         5        -0.0111       -3440.04
         5        -0.0108       -3591.07
         5        -0.0105       -3751.24
         5        -0.0102       -3921.48
         5        -0.0099       -4102.78
         5        -0.0096       -4296.33
         5        -0.0093       -4503.52
         5         -0.009       -4726.01
         5        -0.0087       -4965.75
         5        -0.0084       -5225.13
         5        -0.0081       -5506.96
         5        -0.0078       -5814.73
         5        -0.0075       -6152.85
         5        -0.0072       -6526.88
         5        -0.0069       -6944.09
         5        -0.0066       -7414.16
         5        -0.0063        -7950.2
         5         -0.006       -8569.44
         5        -0.0057       -9288.15
         5        -0.0054         -10000
         5        -0.0051         -10000
         5        -0.0048         -10000
         5        -0.0045       -9985.24
         5        -0.0042       -9865.82
         5        -0.0039       -9756.89
         5        -0.0036       -9666.48
         5        -0.0033       -9594.74
         5         -0.003       -9539.98
         5        -0.0027       -9500.01
         5        -0.0024       -9472.59
         5        -0.0021       -9455.36
         5        -0.0018       -9445.99
         5        -0.0015        -9442.2
         5        -0.0012       -9441.96
         5        -0.0009       -9443.01
         5        -0.0006       -9444.73
         5        -0.0003       -9446.12
         5              0       -9446.77
         5         0.0003       -9446.47
         5         0.0006       -9444.94
         5         0.0009       -9443.39
         5         0.0012       -9442.56
         5         0.0015       -9442.69
         5         0.0018       -9446.26
         5         0.0021        -9455.6
         5         0.0024       -9472.83
         5         0.0027       -9500.32
         5          0.003       -9540.31
         5         0.0033       -9595.07
         5         0.0036       -9666.76
         5         0.0039       -9757.08
         5         0.0042       -9865.91
         5         0.0045       -9985.17
         5         0.0048         -10000
         5         0.0051         -10000
         5         0.0054         -10000
         5         0.0057        -9289.3
         5          0.006       -8570.28
         5         0.0063       -7951.06
         5         0.0066       -7415.09
         5         0.0069       -6945.11
         5         0.0072       -6528.02
         5         0.0075       -6154.11
         5         0.0078        -5816.1
         5         0.0081       -5508.41
         5         0.0084       -5226.67
         5         0.0087       -4967.41
         5          0.009       -4727.77
         5         0.0093       -4505.43
         5         0.0096       -4298.38
         5         0.0099          -4105
         5         0.0102       -3923.92
         5         0.0105       -3753.95
         5         0.0108       -3594.06
         5         0.0111       -3443.34
         5         0.0114          -3301
         5         0.0117       -3166.31
         5          0.012       -3038.67
         5         0.0123       -2917.55
         5         0.0126       -2802.46
         5         0.0129       -2693.07
         5         0.0132       -2588.94
         5         0.0135       -2489.72
         5         0.0138       -2395.08
         5         0.0141       -2304.69
         5         0.0144        -2218.3
         5         0.0147       -2135.63
         5          0.015       -2056.54
         5         0.0153       -1980.81
         5         0.0156       -1908.18
         5         0.0159       -1838.53
         5         0.0162       -1771.68
         5         0.0165       -1707.46
         5         0.0168       -1645.67
         5         0.0171       -1586.11
         5         0.0174       -1528.71
         5         0.0177       -1473.29
         5          0.018       -1419.69
         5         0.0183       -1367.73
         5         0.0186       -1317.32
         5         0.0189       -1268.35
         5         0.0192       -1220.61
         5         0.0195       -1173.98
         5         0.0198       -1128.29
         5         0.0201       -1083.51
         5         0.0204       -1039.76
         5         0.0207       -997.104
         5          0.021       -955.533
         5         0.0213       -915.026
         5         0.0216       -875.549
         5         0.0219       -837.057
         5         0.0222       -799.505
         5         0.0225       -762.843
         5         0.0228       -727.019
         5         0.0231       -691.984
         5         0.0234       -657.687
         5         0.0237       -624.078
         5          0.024       -591.111
         5         0.0243       -558.738
         5         0.0246       -526.914
         5         0.0249       -495.598
         5         0.0252       -464.748
         5         0.0255       -434.325
         5         0.0258       -404.293
         5         0.0261       -374.619
         5         0.0264       -345.268
         5         0.0267        -316.21
         5          0.027       -287.417
         5         0.0273       -258.858
         5         0.0276       -230.509
         5         0.0279       -202.343
         5         0.0282       -174.338
         5         0.0285       -146.469
         5         0.0288       -118.717
         5         0.0291       -91.0603
         5         0.0294       -63.4816
         5         0.0297       -35.9653
         5           0.03           -8.5
         5         0.0303              0
         5         0.0306              0
         5         0.0309              0
         5         0.0312              0
         5         0.0315              0
         5         0.0318              0
         5         0.0321              0
         5         0.0324              0
         5         0.0327              0
         5          0.033              0
         5         0.0333              0
         5         0.0336              0
         5         0.0339              0
         5         0.0342              0
         5         0.0345              0
         5         0.0348              0
         5         0.0351              0
         5         0.0354              0
         5         0.0357              0
         5          0.036              0
         5         0.0363              0
         5         0.0366              0
         5         0.0369              0
         5         0.0372              0
         5         0.0375              0
         5         0.0378              0
         5         0.0381              0
         5         0.0384              0
         5         0.0387              0
         5          0.039              0
         5         0.0393              0
         5         0.0396              0
         5         0.0399              0
         5         0.0402              0
         5         0.0405              0
         5         0.0408              0
         5         0.0411              0
         5         0.0414              0
         5         0.0417              0
         5          0.042              0
         5         0.0423              0
         5         0.0426              0
         5         0.0429              0
         5         0.0432              0
         5         0.0435              0
         5         0.0438              0
         5         0.0441              0
         5         0.0444              0
         5         0.0447              0
         5          0.045              0
         5         0.0453              0
         5         0.0456              0
         5         0.0459              0
         5         0.0462              0
         5         0.0465              0
         5         0.0468              0
         5         0.0471              0
         5         0.0474              0
         5         0.0477              0
