# iteration    r (m)    potential (V)
         1        -0.0315              0
         1        -0.0312              0
         1        -0.0309              0
         1        -0.0306              0
         1        -0.0303              0
         1          -0.03              0
         1        -0.0297       -39.5127
         1        -0.0294       -120.876
         1        -0.0291       -203.249
         1        -0.0288       -286.351
         1        -0.0285       -370.041
         1        -0.0282       -454.215
         1        -0.0279       -538.766
         1        -0.0276       -623.577
         1        -0.0273        -708.51
         1         -0.027       -793.409
         1        -0.0267       -878.086
         1        -0.0264       -962.321
         1        -0.0261       -1045.85
         1        -0.0258       -1128.37
         1        -0.0255       -1209.48
         1        -0.0252       -1288.75
         1        -0.0249       -1365.63
         1        -0.0246       -1439.43
         1        -0.0243       -1509.33
         1         -0.024       -1574.32
         1        -0.0237       -1633.13
         1        -0.0234       -1684.16
         1        -0.0231       -1725.35
         1        -0.0228       -1754.07
         1        -0.0225       -1766.84
         1        -0.0222       -1758.97
         1        -0.0219       -1724.02
         1        -0.0216       -1652.81
         1        -0.0213       -1531.75
         1         -0.021       -1339.74
         1        -0.0207       -1041.75
         1        -0.0204        -574.96
         1        -0.0201              0
         1        -0.0198              0
         1        -0.0195              0
         1        -0.0192       -182.911
         1        -0.0189       -1824.62
         1        -0.0186       -3090.76
         1        -0.0183       -4161.45
         1         -0.018       -5120.19
         1        -0.0177       -6011.19
         1        -0.0174       -6860.55
         1        -0.0171       -7685.08
         1        -0.0168        -8496.4
         1        -0.0165       -9303.08
         1        -0.0162       -10111.7
         1        -0.0159       -10927.8
         1        -0.0156       -11755.8
         1        -0.0153       -12599.8
         1         -0.015       -13463.6
         1        -0.0147       -14350.6
         1        -0.0144       -15264.3
         1        -0.0141       -16207.9
         1        -0.0138       -17184.8
         1        -0.0135       -18198.7
         1        -0.0132         -19253
         1        -0.0129       -20351.6
         1        -0.0126       -21498.7
         1        -0.0123       -22698.6
         1         -0.012       -23956.1
         1        -0.0117       -25276.4
         1        -0.0114       -26665.4
         1        -0.0111       -28129.3
         1        -0.0108       -29675.3
         1        -0.0105       -31311.3
         1        -0.0102       -33046.5
         1        -0.0099       -34891.1
         1        -0.0096       -36856.8
         1        -0.0093       -38957.4
         1         -0.009       -41208.5
         1        -0.0087       -43628.8
         1        -0.0084       -46240.4
         1        -0.0081       -49069.8
         1        -0.0078       -52149.2
         1        -0.0075       -55518.5
         1        -0.0072       -59227.6
         1        -0.0069       -63340.8
         1        -0.0066       -67942.5
         1        -0.0063       -73148.1
         1         -0.006       -79121.8
         1        -0.0057       -86115.9
         1        -0.0054       -94583.1
         1        -0.0051        -100000
         1        -0.0048        -100000
         1        -0.0045        -100000
         1        -0.0042       -99778.5
         1        -0.0039       -98321.7
         1        -0.0036         -97080
         1        -0.0033         -96053
         1         -0.003       -95227.5
         1        -0.0027         -94582
         1        -0.0024       -94092.2
         1        -0.0021       -93733.8
         1        -0.0018       -93483.4
         1        -0.0015       -93318.7
         1        -0.0012       -93219.2
         1        -0.0009         -93166
         1        -0.0006       -93142.8
         1        -0.0003       -93136.1
         1              0       -93136.1
         1         0.0003       -93136.8
         1         0.0006       -93136.9
         1         0.0009       -93139.1
         1         0.0012       -93150.8
         1         0.0015       -93183.1
         1         0.0018       -93250.5
         1         0.0021         -93370
         1         0.0024       -93561.2
         1         0.0027       -93845.2
         1          0.003       -94244.4
         1         0.0033       -94782.8
         1         0.0036       -95484.5
         1         0.0039       -96373.1
         1         0.0042         -97468
         1         0.0045       -98778.2
         1         0.0048        -100000
         1         0.0051        -100000
         1         0.0054        -100000
         1         0.0057        -100000
         1          0.006       -91638.1
         1         0.0063       -83732.5
         1         0.0066         -77116
         1         0.0069       -71426.2
         1         0.0072         -66445
         1         0.0075       -62026.1
         1         0.0078       -58065.3
         1         0.0081       -54485.4
         1         0.0084       -51227.2
         1         0.0087       -48244.5
         1          0.009       -45500.2
         1         0.0093       -42964.1
         1         0.0096       -40611.4
         1         0.0099       -38421.1
         1         0.0102       -36375.7
         1         0.0105       -34460.2
         1         0.0108       -32661.6
         1         0.0111       -30968.7
         1         0.0114       -29371.6
         1         0.0117       -27861.7
         1          0.012       -26431.2
         1         0.0123       -25073.3
         1         0.0126       -23781.8
         1         0.0129       -22551.1
         1         0.0132       -21376.2
         1         0.0135       -20252.3
         1         0.0138       -19175.1
         1         0.0141       -18140.5
         1         0.0144       -17144.7
         1         0.0147       -16184.2
         1          0.015       -15255.2
         1         0.0153       -14354.5
         1         0.0156       -13478.4
         1         0.0159       -12623.5
         1         0.0162         -11786
         1         0.0165       -10961.9
         1         0.0168       -10146.8
         1         0.0171        -9335.4
         1         0.0174       -8521.62
         1         0.0177        -7697.7
         1          0.018       -6853.44
         1         0.0183        -5974.7
         1         0.0186       -5040.61
         1         0.0189       -4018.01
         1         0.0192       -2849.17
         1         0.0195       -1421.55
         1         0.0198              0
         1         0.0201              0
         1         0.0204              0
         1         0.0207       -136.933
         1          0.021       -958.151
         1         0.0213       -1490.69
         1         0.0216       -1853.66
         1         0.0219       -2108.36
         1         0.0222       -2289.52
         1         0.0225       -2418.35
         1         0.0228       -2508.69
         1         0.0231       -2569.97
         1         0.0234        -2608.9
         1         0.0237       -2630.38
         1          0.024       -2638.08
         1         0.0243       -2634.82
         1         0.0246       -2622.79
         1         0.0249       -2603.72
         1         0.0252       -2578.98
         1         0.0255       -2549.69
         1         0.0258       -2516.76
         1         0.0261       -2480.93
         1         0.0264        -2442.8
         1         0.0267       -2402.89
         1          0.027       -2361.62
         1         0.0273       -2319.35
         1         0.0276       -2276.37
         1         0.0279       -2232.93
         1         0.0282       -2189.24
         1         0.0285       -2145.48
         1         0.0288       -2101.79
         1         0.0291       -2058.32
         1         0.0294       -2015.15
         1         0.0297       -1972.38
         1           0.03        -1930.1
         1         0.0303       -1888.36
         1         0.0306       -1847.21
         1         0.0309        -1806.7
         1         0.0312       -1766.87
         1         0.0315       -1727.75
         1         0.0318       -1689.36
         1         0.0321       -1651.73
         1         0.0324       -1614.86
         1         0.0327       -1578.78
         1          0.033        -1543.5
         1         0.0333       -1509.01
         1         0.0336       -1475.32
         1         0.0339       -1442.45
         1         0.0342       -1410.38
         1         0.0345       -1379.12
         1         0.0348       -1348.67
         1         0.0351       -1319.02
         1         0.0354       -1290.17
         1         0.0357       -1262.12
         1          0.036       -1234.87
         1         0.0363        -1208.4
         1         0.0366       -1182.71
         1         0.0369        -1157.8
         1         0.0372       -1133.66
         1         0.0375       -1110.29
         1         0.0378       -1087.68
         1         0.0381       -1065.82
         1         0.0384        -1044.7
         1         0.0387       -1024.33
         1          0.039       -1004.69
         1         0.0393       -985.779
         1         0.0396        -967.59
         1         0.0399       -950.116
         1         0.0402       -933.352
         1         0.0405       -917.293
         1         0.0408       -901.933
         1         0.0411       -887.267
         1         0.0414        -873.29
         1         0.0417       -859.995
         1          0.042        -847.38
         1         0.0423       -835.439
         1         0.0426       -824.169
         1         0.0429       -813.564
         1         0.0432       -803.621
         1         0.0435       -794.337
         1         0.0438       -785.708
         1         0.0441        -777.73
         1         0.0444       -770.402
         1         0.0447        -763.72
         1          0.045       -757.681
         1         0.0453       -752.284
         1         0.0456       -747.526
         1         0.0459       -743.407
         1         0.0462       -739.923
         1         0.0465       -737.074
         1         0.0468       -734.859
         1         0.0471       -733.277
         1         0.0474       -732.328
         1         0.0477        -732.01
         2        -0.0315              0
         2        -0.0312              0
         2        -0.0309              0
         2        -0.0306              0
         2        -0.0303              0
         2          -0.03              0
         2        -0.0297       -39.4882
         2        -0.0294         -120.8
         2        -0.0291        -203.12
         2        -0.0288       -286.163
         2        -0.0285        -369.79
         2        -0.0282       -453.893
         2        -0.0279       -538.365
         2        -0.0276       -623.086
         2        -0.0273       -707.919
         2         -0.027       -792.704
         2        -0.0267       -877.255
         2        -0.0264       -961.349
         2        -0.0261       -1044.72
         2        -0.0258       -1127.06
         2        -0.0255          -1208
         2        -0.0252       -1287.06
         2        -0.0249       -1363.72
         2        -0.0246       -1437.29
         2        -0.0243       -1506.95
         2         -0.024        -1571.7
         2        -0.0237       -1630.26
         2        -0.0234       -1681.03
         2        -0.0231       -1721.99
         2        -0.0228        -1750.5
         2        -0.0225       -1763.08
         2        -0.0222       -1755.09
         2        -0.0219       -1720.08
         2        -0.0216       -1648.91
         2        -0.0213       -1528.03
         2         -0.021        -1336.4
         2        -0.0207       -1039.11
         2        -0.0204       -573.474
         2        -0.0201              0
         2        -0.0198              0
         2        -0.0195              0
         2        -0.0192       -182.442
         2        -0.0189          -1820
         2        -0.0186       -3083.03
         2        -0.0183       -4151.19
         2         -0.018       -5107.76
         2        -0.0177       -5996.85
         2        -0.0174       -6844.49
         2        -0.0171       -7667.47
         2        -0.0168       -8477.37
         2        -0.0165       -9282.73
         2        -0.0162       -10090.2
         2        -0.0159       -10905.1
         2        -0.0156       -11732.1
         2        -0.0153       -12575.2
         2         -0.015       -13438.1
         2        -0.0147       -14324.3
         2        -0.0144       -15237.2
         2        -0.0141       -16180.1
         2        -0.0138       -17156.5
         2        -0.0135       -18169.8
         2        -0.0132       -19223.7
         2        -0.0129         -20322
         2        -0.0126       -21468.8
         2        -0.0123       -22668.6
         2         -0.012         -23926
         2        -0.0117       -25246.3
         2        -0.0114       -26635.3
         2        -0.0111       -28099.4
         2        -0.0108       -29645.6
         2        -0.0105         -31282
         2        -0.0102       -33017.6
         2        -0.0099       -34862.6
         2        -0.0096       -36828.9
         2        -0.0093       -38930.1
         2         -0.009       -41181.9
         2        -0.0087       -43603.1
         2        -0.0084       -46215.6
         2        -0.0081       -49046.1
         2        -0.0078       -52126.7
         2        -0.0075       -55497.3
         2        -0.0072         -59208
         2        -0.0069         -63323
         2        -0.0066       -67926.8
         2        -0.0063       -73134.8
         2         -0.006       -79111.3
         2        -0.0057       -86108.9
         2        -0.0054       -94580.4
         2        -0.0051        -100000
         2        -0.0048        -100000
         2        -0.0045        -100000
         2        -0.0042       -99778.2
         2        -0.0039       -98319.2
         2        -0.0036       -97075.5
         2        -0.0033       -96046.8
         2         -0.003       -95219.6
         2        -0.0027       -94572.6
         2        -0.0024       -94081.5
         2        -0.0021       -93721.9
         2        -0.0018       -93470.4
         2        -0.0015       -93304.8
         2        -0.0012       -93204.5
         2        -0.0009       -93150.9
         2        -0.0006       -93127.4
         2        -0.0003       -93120.6
         2              0       -93120.6
         2         0.0003       -93121.5
         2         0.0006       -93121.6
         2         0.0009         -93124
         2         0.0012       -93135.9
         2         0.0015       -93168.5
         2         0.0018       -93236.3
         2         0.0021       -93356.5
         2         0.0024       -93548.6
         2         0.0027       -93833.7
         2          0.003       -94234.2
         2         0.0033       -94773.9
         2         0.0036       -95477.1
         2         0.0039       -96367.5
         2         0.0042       -97464.2
         2         0.0045       -98776.4
         2         0.0048        -100000
         2         0.0051        -100000
         2         0.0054        -100000
         2         0.0057        -100000
         2          0.006         -91634
         2         0.0063       -83724.5
         2         0.0066       -77104.9
         2         0.0069       -71412.5
         2         0.0072       -66429.1
         2         0.0075       -62008.3
         2         0.0078       -58045.9
         2         0.0081       -54464.6
         2         0.0084       -51205.2
         2         0.0087       -48221.4
         2          0.009       -45476.1
         2         0.0093       -42939.1
         2         0.0096       -40585.6
         2         0.0099       -38394.7
         2         0.0102       -36348.7
         2         0.0105       -34432.7
         2         0.0108       -32633.7
         2         0.0111       -30940.4
         2         0.0114         -29343
         2         0.0117       -27832.9
         2          0.012       -26402.2
         2         0.0123       -25044.3
         2         0.0126       -23752.9
         2         0.0129       -22522.3
         2         0.0132       -21347.6
         2         0.0135       -20223.9
         2         0.0138         -19147
         2         0.0141       -18112.9
         2         0.0144       -17117.7
         2         0.0147       -16157.7
         2          0.015       -15229.4
         2         0.0153       -14329.4
         2         0.0156       -13454.1
         2         0.0159       -12600.1
         2         0.0162       -11763.6
         2         0.0165       -10940.5
         2         0.0168       -10126.5
         2         0.0171       -9316.37
         2         0.0174       -8503.93
         2         0.0177       -7681.46
         2          0.018       -6838.78
         2         0.0183       -5961.78
         2         0.0186       -5029.63
         2         0.0189       -4009.22
         2         0.0192       -2842.93
         2         0.0195       -1418.44
         2         0.0198              0
         2         0.0201              0
         2         0.0204              0
         2         0.0207       -136.872
         2          0.021       -957.883
         2         0.0213       -1490.56
         2         0.0216        -1853.9
         2         0.0219       -2109.14
         2         0.0222       -2290.94
         2         0.0225       -2420.51
         2         0.0228       -2511.63
         2         0.0231       -2573.75
         2         0.0234       -2613.53
         2         0.0237       -2635.87
         2          0.024       -2644.45
         2         0.0243       -2642.05
         2         0.0246       -2630.88
         2         0.0249       -2612.64
         2         0.0252       -2588.72
         2         0.0255       -2560.23
         2         0.0258       -2528.06
         2         0.0261       -2492.97
         2         0.0264       -2455.56
         2         0.0267       -2416.34
         2          0.027       -2375.73
         2         0.0273        -2334.1
         2         0.0276       -2291.73
         2         0.0279       -2248.87
         2         0.0282       -2205.75
         2         0.0285       -2162.53
         2         0.0288       -2119.38
         2         0.0291       -2076.41
         2         0.0294       -2033.74
         2         0.0297       -1991.46
         2           0.03       -1949.64
         2         0.0303       -1908.35
         2         0.0306       -1867.65
         2         0.0309       -1827.58
         2         0.0312       -1788.18
         2         0.0315       -1749.48
         2         0.0318       -1711.51
         2         0.0321       -1674.29
         2         0.0324       -1637.83
         2         0.0327       -1602.15
         2          0.033       -1567.25
         2         0.0333       -1533.15
         2         0.0336       -1499.85
         2         0.0339       -1467.35
         2         0.0342       -1435.66
         2         0.0345       -1404.77
         2         0.0348       -1374.68
         2         0.0351       -1345.39
         2         0.0354        -1316.9
         2         0.0357       -1289.19
         2          0.036       -1262.28
         2         0.0363       -1236.15
         2         0.0366       -1210.79
         2         0.0369       -1186.21
         2         0.0372       -1162.39
         2         0.0375       -1139.33
         2         0.0378       -1117.02
         2         0.0381       -1095.46
         2         0.0384       -1074.64
         2         0.0387       -1054.55
         2          0.039       -1035.19
         2         0.0393       -1016.55
         2         0.0396       -998.622
         2         0.0399       -981.403
         2         0.0402       -964.887
         2         0.0405       -949.066
         2         0.0408       -933.936
         2         0.0411       -919.491
         2         0.0414       -905.726
         2         0.0417       -892.636
         2          0.042       -880.216
         2         0.0423       -868.462
         2         0.0426       -857.367
         2         0.0429        -846.93
         2         0.0432       -837.145
         2         0.0435       -828.009
         2         0.0438       -819.518
         2         0.0441       -811.669
         2         0.0444        -804.46
         2         0.0447       -797.886
         2          0.045       -791.946
         2         0.0453       -786.638
         2         0.0456       -781.958
         2         0.0459       -777.906
         2         0.0462        -774.48
         2         0.0465       -771.679
         2         0.0468         -769.5
         2         0.0471       -767.945
         2         0.0474       -767.011
         2         0.0477       -766.699
         3        -0.0315              0
         3        -0.0312              0
         3        -0.0309              0
         3        -0.0306              0
         3        -0.0303              0
         3          -0.03              0
         3        -0.0297       -39.3919
         3        -0.0294       -120.506
         3        -0.0291       -202.627
         3        -0.0288       -285.473
         3        -0.0285       -368.906
         3        -0.0282       -452.819
         3        -0.0279       -537.106
         3        -0.0276       -621.649
         3        -0.0273        -706.31
         3         -0.027       -790.931
         3        -0.0267       -875.323
         3        -0.0264       -959.267
         3        -0.0261        -1042.5
         3        -0.0258        -1124.7
         3        -0.0255       -1205.51
         3        -0.0252       -1284.45
         3        -0.0249       -1360.99
         3        -0.0246       -1434.45
         3        -0.0243       -1504.01
         3         -0.024       -1568.66
         3        -0.0237       -1627.14
         3        -0.0234       -1677.84
         3        -0.0231       -1718.74
         3        -0.0228        -1747.2
         3        -0.0225       -1759.77
         3        -0.0222       -1751.79
         3        -0.0219       -1716.84
         3        -0.0216        -1645.8
         3        -0.0213       -1525.14
         3         -0.021       -1333.86
         3        -0.0207       -1037.13
         3        -0.0204       -572.379
         3        -0.0201              0
         3        -0.0198              0
         3        -0.0195              0
         3        -0.0192       -182.158
         3        -0.0189       -1817.23
         3        -0.0186       -3078.42
         3        -0.0183        -4145.1
         3         -0.018       -5100.43
         3        -0.0177       -5988.43
         3        -0.0174       -6835.11
         3        -0.0171       -7657.19
         3        -0.0168       -8466.28
         3        -0.0165       -9270.88
         3        -0.0162       -10077.6
         3        -0.0159       -10891.9
         3        -0.0156       -11718.2
         3        -0.0153       -12560.7
         3         -0.015       -13423.1
         3        -0.0147       -14308.7
         3        -0.0144       -15221.1
         3        -0.0141       -16163.6
         3        -0.0138       -17139.5
         3        -0.0135       -18152.4
         3        -0.0132       -19205.9
         3        -0.0129       -20303.8
         3        -0.0126       -21450.3
         3        -0.0123       -22649.7
         3         -0.012       -23906.8
         3        -0.0117       -25226.9
         3        -0.0114       -26615.6
         3        -0.0111       -28079.5
         3        -0.0108       -29625.6
         3        -0.0105         -31262
         3        -0.0102       -32997.6
         3        -0.0099       -34842.7
         3        -0.0096       -36809.1
         3        -0.0093       -38910.5
         3         -0.009       -41162.7
         3        -0.0087       -43584.3
         3        -0.0084       -46197.4
         3        -0.0081       -49028.5
         3        -0.0078       -52109.9
         3        -0.0075       -55481.5
         3        -0.0072       -59193.2
         3        -0.0069       -63309.5
         3        -0.0066       -67914.8
         3        -0.0063       -73124.6
         3         -0.006       -79103.3
         3        -0.0057       -86103.5
         3        -0.0054       -94578.2
         3        -0.0051        -100000
         3        -0.0048        -100000
         3        -0.0045        -100000
         3        -0.0042       -99777.8
         3        -0.0039       -98316.4
         3        -0.0036       -97070.5
         3        -0.0033       -96039.6
         3         -0.003       -95210.6
         3        -0.0027       -94561.8
         3        -0.0024         -94069
         3        -0.0021       -93707.9
         3        -0.0018         -93455
         3        -0.0015       -93288.2
         3        -0.0012       -93186.9
         3        -0.0009       -93132.5
         3        -0.0006       -93108.5
         3        -0.0003       -93101.5
         3              0       -93101.4
         3         0.0003       -93102.3
         3         0.0006       -93102.6
         3         0.0009       -93105.2
         3         0.0012       -93117.5
         3         0.0015       -93150.7
         3         0.0018       -93219.2
         3         0.0021       -93340.4
         3         0.0024       -93533.8
         3         0.0027       -93820.2
         3          0.003       -94222.3
         3         0.0033       -94763.7
         3         0.0036       -95468.8
         3         0.0039       -96361.1
         3         0.0042       -97459.9
         3         0.0045       -98774.4
         3         0.0048        -100000
         3         0.0051        -100000
         3         0.0054        -100000
         3         0.0057        -100000
         3          0.006       -91630.8
         3         0.0063       -83718.4
         3         0.0066       -77096.4
         3         0.0069       -71401.9
         3         0.0072       -66416.9
         3         0.0075       -61994.7
         3         0.0078       -58031.1
         3         0.0081       -54448.8
         3         0.0084       -51188.6
         3         0.0087       -48204.1
         3          0.009       -45458.2
         3         0.0093       -42920.9
         3         0.0096         -40567
         3         0.0099       -38375.9
         3         0.0102       -36329.8
         3         0.0105       -34413.7
         3         0.0108       -32614.7
         3         0.0111       -30921.6
         3         0.0114       -29324.4
         3         0.0117       -27814.5
         3          0.012       -26384.2
         3         0.0123       -25026.5
         3         0.0126       -23735.5
         3         0.0129       -22505.3
         3         0.0132         -21331
         3         0.0135       -20207.7
         3         0.0138       -19131.3
         3         0.0141       -18097.7
         3         0.0144       -17102.9
         3         0.0147       -16143.4
         3          0.015       -15215.7
         3         0.0153       -14316.2
         3         0.0156       -13441.5
         3         0.0159         -12588
         3         0.0162       -11752.1
         3         0.0165       -10929.7
         3         0.0168       -10116.3
         3         0.0171       -9306.85
         3         0.0174       -8495.14
         3         0.0177       -7673.43
         3          0.018       -6831.57
         3         0.0183       -5955.45
         3         0.0186       -5024.27
         3         0.0189       -4004.94
         3         0.0192       -2839.89
         3         0.0195       -1416.93
         3         0.0198              0
         3         0.0201              0
         3         0.0204              0
         3         0.0207       -136.911
         3          0.021       -958.283
         3         0.0213       -1491.41
         3         0.0216       -1855.26
         3         0.0219       -2111.05
         3         0.0222       -2293.44
         3         0.0225       -2423.61
         3         0.0228       -2515.35
         3         0.0231       -2578.07
         3         0.0234       -2618.47
         3         0.0237       -2641.41
         3          0.024       -2650.58
         3         0.0243       -2648.76
         3         0.0246       -2638.15
         3         0.0249       -2620.47
         3         0.0252       -2597.09
         3         0.0255       -2569.13
         3         0.0258       -2537.48
         3         0.0261        -2502.9
         3         0.0264          -2466
         3         0.0267       -2427.28
         3          0.027       -2387.17
         3         0.0273       -2346.02
         3         0.0276       -2304.14
         3         0.0279       -2261.77
         3         0.0282       -2219.13
         3         0.0285        -2176.4
         3         0.0288       -2133.73
         3         0.0291       -2091.25
         3         0.0294       -2049.07
         3         0.0297       -2007.27
         3           0.03       -1965.94
         3         0.0303       -1925.14
         3         0.0306       -1884.92
         3         0.0309       -1845.33
         3         0.0312       -1806.41
         3         0.0315       -1768.19
         3         0.0318       -1730.69
         3         0.0321       -1693.92
         3         0.0324       -1657.92
         3         0.0327       -1622.69
         3          0.033       -1588.23
         3         0.0333       -1554.56
         3         0.0336       -1521.68
         3         0.0339       -1489.59
         3         0.0342        -1458.3
         3         0.0345        -1427.8
         3         0.0348       -1398.08
         3         0.0351       -1369.16
         3         0.0354       -1341.03
         3         0.0357       -1313.67
         3          0.036        -1287.1
         3         0.0363       -1261.29
         3         0.0366       -1236.26
         3         0.0369       -1211.98
         3         0.0372       -1188.46
         3         0.0375       -1165.69
         3         0.0378       -1143.66
         3         0.0381       -1122.37
         3         0.0384       -1101.81
         3         0.0387       -1081.98
         3          0.039       -1062.86
         3         0.0393       -1044.46
         3         0.0396       -1026.76
         3         0.0399       -1009.77
         3         0.0402       -993.467
         3         0.0405       -977.854
         3         0.0408       -962.924
         3         0.0411        -948.67
         3         0.0414       -935.089
         3         0.0417       -922.174
         3          0.042       -909.922
         3         0.0423       -898.327
         3         0.0426       -887.384
         3         0.0429        -877.09
         3         0.0432        -867.44
         3         0.0435       -858.431
         3         0.0438       -850.059
         3         0.0441        -842.32
         3         0.0444       -835.212
         3         0.0447       -828.731
         3          0.045       -822.875
         3         0.0453       -817.642
         3         0.0456        -813.03
         3         0.0459       -809.036
         3         0.0462       -805.659
         3         0.0465       -802.898
         3         0.0468       -800.751
         3         0.0471       -799.218
         3         0.0474       -798.298
         3         0.0477       -797.991
         4        -0.0315              0
         4        -0.0312              0
         4        -0.0309              0
         4        -0.0306              0
         4        -0.0303              0
         4          -0.03              0
         4        -0.0297       -39.2699
         4        -0.0294       -120.134
         4        -0.0291       -202.003
         4        -0.0288         -284.6
         4        -0.0285       -367.788
         4        -0.0282       -451.461
         4        -0.0279       -535.517
         4        -0.0276       -619.838
         4        -0.0273       -704.288
         4         -0.027       -788.711
         4        -0.0267       -872.919
         4        -0.0264       -956.694
         4        -0.0261       -1039.77
         4        -0.0258       -1121.84
         4        -0.0255       -1202.52
         4        -0.0252       -1281.37
         4        -0.0249       -1357.82
         4        -0.0246       -1431.22
         4        -0.0243       -1500.73
         4         -0.024       -1565.35
         4        -0.0237       -1623.82
         4        -0.0234       -1674.53
         4        -0.0231       -1715.46
         4        -0.0228       -1743.98
         4        -0.0225       -1756.63
         4        -0.0222       -1748.76
         4        -0.0219       -1713.96
         4        -0.0216       -1643.11
         4        -0.0213       -1522.73
         4         -0.021       -1331.81
         4        -0.0207       -1035.57
         4        -0.0204       -571.535
         4        -0.0201              0
         4        -0.0198              0
         4        -0.0195              0
         4        -0.0192       -181.989
         4        -0.0189       -1815.59
         4        -0.0186       -3075.71
         4        -0.0183       -4141.56
         4         -0.018       -5096.18
         4        -0.0177       -5983.58
         4        -0.0174       -6829.72
         4        -0.0171       -7651.34
         4        -0.0168          -8460
         4        -0.0165       -9264.21
         4        -0.0162       -10070.6
         4        -0.0159       -10884.5
         4        -0.0156       -11710.6
         4        -0.0153       -12552.8
         4         -0.015       -13414.9
         4        -0.0147       -14300.3
         4        -0.0144       -15212.4
         4        -0.0141       -16154.6
         4        -0.0138       -17130.3
         4        -0.0135         -18143
         4        -0.0132       -19196.2
         4        -0.0129       -20293.9
         4        -0.0126       -21440.1
         4        -0.0123       -22639.2
         4         -0.012         -23896
         4        -0.0117       -25215.8
         4        -0.0114       -26604.3
         4        -0.0111       -28067.9
         4        -0.0108       -29613.7
         4        -0.0105       -31249.8
         4        -0.0102       -32985.2
         4        -0.0099       -34830.1
         4        -0.0096       -36796.5
         4        -0.0093       -38897.8
         4         -0.009         -41150
         4        -0.0087       -43571.7
         4        -0.0084         -46185
         4        -0.0081       -49016.5
         4        -0.0078       -52098.3
         4        -0.0075       -55470.4
         4        -0.0072       -59182.9
         4        -0.0069         -63300
         4        -0.0066       -67906.4
         4        -0.0063       -73117.4
         4         -0.006       -79097.6
         4        -0.0057       -86099.7
         4        -0.0054       -94576.7
         4        -0.0051        -100000
         4        -0.0048        -100000
         4        -0.0045        -100000
         4        -0.0042       -99777.4
         4        -0.0039       -98313.2
         4        -0.0036       -97064.7
         4        -0.0033       -96031.4
         4         -0.003       -95199.9
         4        -0.0027       -94548.9
         4        -0.0024       -94053.9
         4        -0.0021       -93690.8
         4        -0.0018       -93436.1
         4        -0.0015       -93267.5
         4        -0.0012       -93164.8
         4        -0.0009       -93109.1
         4        -0.0006       -93084.3
         4        -0.0003       -93076.7
         4              0       -93076.3
         4         0.0003       -93077.2
         4         0.0006       -93077.7
         4         0.0009       -93080.9
         4         0.0012       -93093.9
         4         0.0015       -93127.9
         4         0.0018       -93197.7
         4         0.0021       -93320.5
         4         0.0024       -93515.5
         4         0.0027       -93803.9
         4          0.003       -94208.1
         4         0.0033       -94751.7
         4         0.0036       -95459.1
         4         0.0039       -96353.8
         4         0.0042       -97455.1
         4         0.0045       -98772.2
         4         0.0048        -100000
         4         0.0051        -100000
         4         0.0054        -100000
         4         0.0057        -100000
         4          0.006       -91628.6
         4         0.0063       -83714.1
         4         0.0066       -77090.5
         4         0.0069       -71394.7
         4         0.0072       -66408.5
         4         0.0075       -61985.4
         4         0.0078       -58021.1
         4         0.0081       -54438.2
         4         0.0084       -51177.5
         4         0.0087       -48192.7
         4          0.009       -45446.7
         4         0.0093       -42909.2
         4         0.0096       -40555.3
         4         0.0099       -38364.2
         4         0.0102       -36318.3
         4         0.0105       -34402.5
         4         0.0108       -32603.8
         4         0.0111         -30911
         4         0.0114       -29314.1
         4         0.0117       -27804.6
         4          0.012       -26374.7
         4         0.0123       -25017.5
         4         0.0126       -23726.9
         4         0.0129       -22497.1
         4         0.0132       -21323.2
         4         0.0135       -20200.3
         4         0.0138       -19124.3
         4         0.0141         -18091
         4         0.0144       -17096.5
         4         0.0147       -16137.4
         4          0.015       -15209.9
         4         0.0153       -14310.8
         4         0.0156       -13436.4
         4         0.0159       -12583.2
         4         0.0162       -11747.6
         4         0.0165       -10925.5
         4         0.0168       -10112.4
         4         0.0171       -9303.26
         4         0.0174       -8491.87
         4         0.0177       -7670.49
         4          0.018       -6828.97
         4         0.0183       -5953.22
         4         0.0186       -5022.41
         4         0.0189       -4003.48
         4         0.0192       -2838.88
         4         0.0195       -1416.43
         4         0.0198              0
         4         0.0201              0
         4         0.0204              0
         4         0.0207       -136.987
         4          0.021       -958.895
         4         0.0213        -1492.5
         4         0.0216       -1856.79
         4         0.0219       -2113.01
         4         0.0222       -2295.81
         4         0.0225       -2426.38
         4         0.0228       -2518.51
         4         0.0231       -2581.62
         4         0.0234       -2622.39
         4         0.0237       -2645.72
         4          0.024       -2655.26
         4         0.0243       -2653.83
         4         0.0246       -2643.61
         4         0.0249       -2626.32
         4         0.0252       -2603.34
         4         0.0255       -2575.79
         4         0.0258       -2544.57
         4         0.0261       -2510.43
         4         0.0264       -2473.98
         4         0.0267       -2435.72
         4          0.027       -2396.09
         4         0.0273       -2355.44
         4         0.0276       -2314.06
         4         0.0279        -2272.2
         4         0.0282       -2230.08
         4         0.0285       -2187.88
         4         0.0288       -2145.73
         4         0.0291       -2103.78
         4         0.0294       -2062.12
         4         0.0297       -2020.84
         4           0.03       -1980.02
         4         0.0303       -1939.73
         4         0.0306          -1900
         4         0.0309        -1860.9
         4         0.0312       -1822.44
         4         0.0315       -1784.67
         4         0.0318       -1747.61
         4         0.0321       -1711.27
         4         0.0324       -1675.68
         4         0.0327       -1640.84
         4          0.033       -1606.76
         4         0.0333       -1573.46
         4         0.0336       -1540.93
         4         0.0339       -1509.18
         4         0.0342       -1478.22
         4         0.0345       -1448.04
         4         0.0348       -1418.64
         4         0.0351       -1390.03
         4         0.0354       -1362.18
         4         0.0357       -1335.12
         4          0.036       -1308.82
         4         0.0363        -1283.3
         4         0.0366       -1258.53
         4         0.0369       -1234.52
         4         0.0372       -1211.26
         4         0.0375       -1188.74
         4         0.0378       -1166.96
         4         0.0381       -1145.91
         4         0.0384       -1125.59
         4         0.0387       -1105.99
         4          0.039        -1087.1
         4         0.0393       -1068.91
         4         0.0396       -1051.43
         4         0.0399       -1034.63
         4         0.0402       -1018.53
         4         0.0405       -1003.11
         4         0.0408       -988.362
         4         0.0411       -974.285
         4         0.0414       -960.872
         4         0.0417       -948.119
         4          0.042        -936.02
         4         0.0423        -924.57
         4         0.0426       -913.765
         4         0.0429       -903.601
         4         0.0432       -894.073
         4         0.0435       -885.178
         4         0.0438       -876.911
         4         0.0441        -869.27
         4         0.0444       -862.252
         4         0.0447       -855.854
         4          0.045       -850.072
         4         0.0453       -844.906
         4         0.0456       -840.352
         4         0.0459       -836.409
         4         0.0462       -833.075
         4         0.0465       -830.349
         4         0.0468        -828.23
         4         0.0471       -826.716
         4         0.0474       -825.808
         4         0.0477       -825.504
