# iteration    r (m)    potential (V)
         1         -0.048              0
         1        -0.0477              0
         1        -0.0474              0
         1        -0.0471              0
         1        -0.0468              0
         1        -0.0465              0
         1        -0.0462              0
         1        -0.0459              0
         1        -0.0456              0
         1        -0.0453              0
         1         -0.045              0
         1        -0.0447              0
         1        -0.0444              0
         1        -0.0441              0
         1        -0.0438              0
         1        -0.0435              0
         1        -0.0432              0
         1        -0.0429              0
         1        -0.0426              0
         1        -0.0423              0
         1         -0.042              0
         1        -0.0417              0
         1        -0.0414              0
         1        -0.0411              0
         1        -0.0408              0
         1        -0.0405              0
         1        -0.0402              0
         1        -0.0399              0
         1        -0.0396              0
         1        -0.0393              0
         1         -0.039              0
         1        -0.0387              0
         1        -0.0384              0
         1        -0.0381              0
         1        -0.0378              0
         1        -0.0375              0
         1        -0.0372              0
         1        -0.0369              0
         1        -0.0366              0
         1        -0.0363              0
         1         -0.036              0
         1        -0.0357              0
         1        -0.0354              0
         1        -0.0351              0
         1        -0.0348              0
         1        -0.0345              0
         1        -0.0342              0
         1        -0.0339              0
         1        -0.0336              0
         1        -0.0333              0
         1         -0.033              0
         1        -0.0327              0
         1        -0.0324              0
         1        -0.0321              0
         1        -0.0318              0
         1        -0.0315              0
         1        -0.0312              0
         1        -0.0309              0
         1        -0.0306              0
         1        -0.0303              0
         1          -0.03         -39.76
         1        -0.0297       -168.861
         1        -0.0294       -299.246
         1        -0.0291       -431.045
         1        -0.0288       -564.419
         1        -0.0285       -699.552
         1        -0.0282       -836.644
         1        -0.0279       -975.904
         1        -0.0276       -1117.56
         1        -0.0273       -1261.84
         1         -0.027          -1409
         1        -0.0267       -1559.31
         1        -0.0264       -1713.03
         1        -0.0261       -1870.45
         1        -0.0258        -2031.9
         1        -0.0255        -2197.7
         1        -0.0252       -2368.18
         1        -0.0249       -2543.73
         1        -0.0246       -2724.72
         1        -0.0243       -2911.57
         1         -0.024       -3104.72
         1        -0.0237       -3304.64
         1        -0.0234        -3511.8
         1        -0.0231       -3726.74
         1        -0.0228       -3950.01
         1        -0.0225       -4182.19
         1        -0.0222       -4423.89
         1        -0.0219       -4675.77
         1        -0.0216        -4938.5
         1        -0.0213       -5212.81
         1         -0.021       -5499.46
         1        -0.0207       -5799.23
         1        -0.0204       -6112.95
         1        -0.0201        -6441.5
         1        -0.0198       -6785.76
         1        -0.0195       -7146.68
         1        -0.0192       -7525.23
         1        -0.0189       -7922.43
         1        -0.0186       -8339.34
         1        -0.0183       -8777.03
         1         -0.018       -9236.64
         1        -0.0177       -9719.34
         1        -0.0174       -10226.4
         1        -0.0171         -10759
         1        -0.0168       -11318.5
         1        -0.0165       -11906.3
         1        -0.0162       -12523.8
         1        -0.0159       -13172.7
         1        -0.0156       -13854.4
         1        -0.0153       -14570.8
         1         -0.015       -15323.7
         1        -0.0147       -16115.1
         1        -0.0144       -16947.1
         1        -0.0141         -17822
         1        -0.0138       -18742.5
         1        -0.0135       -19711.2
         1        -0.0132       -20731.2
         1        -0.0129       -21805.9
         1        -0.0126         -22939
         1        -0.0123       -24134.6
         1         -0.012       -25397.4
         1        -0.0117       -26732.4
         1        -0.0114       -28145.6
         1        -0.0111       -29643.4
         1        -0.0108       -31233.3
         1        -0.0105       -32923.7
         1        -0.0102       -34724.3
         1        -0.0099       -36646.3
         1        -0.0096       -38702.6
         1        -0.0093       -40908.2
         1         -0.009         -43281
         1        -0.0087       -45841.9
         1        -0.0084       -48616.3
         1        -0.0081       -51634.8
         1        -0.0078       -54935.2
         1        -0.0075       -58564.8
         1        -0.0072       -62583.8
         1        -0.0069       -67070.7
         1        -0.0066       -72130.1
         1        -0.0063       -77903.5
         1         -0.006       -84576.5
         1        -0.0057       -92324.5
         1        -0.0054        -100000
         1        -0.0051        -100000
         1        -0.0048        -100000
         1        -0.0045       -99832.2
         1        -0.0042       -98472.6
         1        -0.0039       -97221.7
         1        -0.0036       -96169.6
         1        -0.0033       -95318.8
         1         -0.003       -94650.6
         1        -0.0027       -94141.6
         1        -0.0024       -93767.5
         1        -0.0021       -93504.6
         1        -0.0018       -93330.7
         1        -0.0015       -93224.7
         1        -0.0012       -93167.6
         1        -0.0009       -93142.5
         1        -0.0006       -93135.2
         1        -0.0003       -93135.3
         1              0       -93136.1
         1         0.0003       -93135.3
         1         0.0006       -93135.2
         1         0.0009       -93142.4
         1         0.0012       -93167.5
         1         0.0015       -93224.5
         1         0.0018       -93330.4
         1         0.0021       -93504.2
         1         0.0024         -93767
         1         0.0027         -94141
         1          0.003       -94649.8
         1         0.0033       -95317.8
         1         0.0036       -96168.5
         1         0.0039       -97220.5
         1         0.0042       -98471.4
         1         0.0045       -99831.1
         1         0.0048        -100000
         1         0.0051        -100000
         1         0.0054        -100000
         1         0.0057         -92337
         1          0.006       -84585.8
         1         0.0063       -77912.7
         1         0.0066       -72139.6
         1         0.0069       -67080.6
         1         0.0072       -62594.1
         1         0.0075       -58575.6
         1         0.0078       -54946.6
         1         0.0081       -51646.9
         1         0.0084       -48629.2
         1         0.0087       -45855.8
         1          0.009       -43295.9
         1         0.0093       -40924.4
         1         0.0096         -38720
         1         0.0099       -36665.1
         1         0.0102       -34744.6
         1         0.0105       -32945.5
         1         0.0108       -31256.8
         1         0.0111       -29668.7
         1         0.0114       -28172.7
         1         0.0117       -26761.4
         1          0.012       -25428.3
         1         0.0123       -24167.6
         1         0.0126         -22974
         1         0.0129       -21842.9
         1         0.0132       -20770.2
         1         0.0135       -19752.2
         1         0.0138       -18785.5
         1         0.0141       -17866.9
         1         0.0144       -16993.8
         1         0.0147       -16163.5
         1          0.015       -15373.8
         1         0.0153       -14622.4
         1         0.0156       -13907.3
         1         0.0159       -13226.7
         1         0.0162       -12578.9
         1         0.0165       -11962.1
         1         0.0168       -11374.9
         1         0.0171       -10815.8
         1         0.0174       -10283.4
         1         0.0177       -9776.31
         1          0.018       -9293.38
         1         0.0183       -8833.34
         1         0.0186       -8395.04
         1         0.0189       -7977.34
         1         0.0192       -7579.18
         1         0.0195       -7199.51
         1         0.0198       -6837.34
         1         0.0201        -6491.7
         1         0.0204       -6161.68
         1         0.0207       -5846.39
         1          0.021       -5544.97
         1         0.0213       -5256.62
         1         0.0216       -4980.55
         1         0.0219       -4716.03
         1         0.0222       -4462.35
         1         0.0225       -4218.84
         1         0.0228       -3984.85
         1         0.0231       -3759.77
         1         0.0234       -3543.04
         1         0.0237       -3334.11
         1          0.024       -3132.46
         1         0.0243        -2937.6
         1         0.0246       -2749.08
         1         0.0249       -2566.45
         1         0.0252       -2389.31
         1         0.0255       -2217.27
         1         0.0258       -2049.96
         1         0.0261       -1887.04
         1         0.0264       -1728.18
         1         0.0267       -1573.06
         1          0.027        -1421.4
         1         0.0273       -1272.91
         1         0.0276       -1127.34
         1         0.0279       -984.421
         1         0.0282       -843.927
         1         0.0285       -705.628
         1         0.0288       -569.311
         1         0.0291       -434.773
         1         0.0294        -301.83
         1         0.0297       -170.317
         1           0.03       -40.1027
         1         0.0303              0
         1         0.0306              0
         1         0.0309              0
         1         0.0312              0
         1         0.0315              0
         1         0.0318              0
         1         0.0321              0
         1         0.0324              0
         1         0.0327              0
         1          0.033              0
         1         0.0333              0
         1         0.0336              0
         1         0.0339              0
         1         0.0342              0
         1         0.0345              0
         1         0.0348              0
         1         0.0351              0
         1         0.0354              0
         1         0.0357              0
         1          0.036              0
         1         0.0363              0
         1         0.0366              0
         1         0.0369              0
         1         0.0372              0
         1         0.0375              0
         1         0.0378              0
         1         0.0381              0
         1         0.0384              0
         1         0.0387              0
         1          0.039              0
         1         0.0393              0
         1         0.0396              0
         1         0.0399              0
         1         0.0402              0
         1         0.0405              0
         1         0.0408              0
         1         0.0411              0
         1         0.0414              0
         1         0.0417              0
         1          0.042              0
         1         0.0423              0
         1         0.0426              0
         1         0.0429              0
         1         0.0432              0
         1         0.0435              0
         1         0.0438              0
         1         0.0441              0
         1         0.0444              0
         1         0.0447              0
         1          0.045              0
         1         0.0453              0
         1         0.0456              0
         1         0.0459              0
         1         0.0462              0
         1         0.0465              0
         1         0.0468              0
         1         0.0471              0
         1         0.0474              0
         1         0.0477              0
         2         -0.048              0
         2        -0.0477              0
         2        -0.0474              0
         2        -0.0471              0
         2        -0.0468              0
         2        -0.0465              0
         2        -0.0462              0
         2        -0.0459              0
         2        -0.0456              0
         2        -0.0453              0
         2         -0.045              0
         2        -0.0447              0
         2        -0.0444              0
         2        -0.0441              0
         2        -0.0438              0
         2        -0.0435              0
         2        -0.0432              0
         2        -0.0429              0
         2        -0.0426              0
         2        -0.0423              0
         2         -0.042              0
         2        -0.0417              0
         2        -0.0414              0
         2        -0.0411              0
         2        -0.0408              0
         2        -0.0405              0
         2        -0.0402              0
         2        -0.0399              0
         2        -0.0396              0
         2        -0.0393              0
         2         -0.039              0
         2        -0.0387              0
         2        -0.0384              0
         2        -0.0381              0
         2        -0.0378              0
         2        -0.0375              0
         2        -0.0372              0
         2        -0.0369              0
         2        -0.0366              0
         2        -0.0363              0
         2         -0.036              0
         2        -0.0357              0
         2        -0.0354              0
         2        -0.0351              0
         2        -0.0348              0
         2        -0.0345              0
         2        -0.0342              0
         2        -0.0339              0
         2        -0.0336              0
         2        -0.0333              0
         2         -0.033              0
         2        -0.0327              0
         2        -0.0324              0
         2        -0.0321              0
         2        -0.0318              0
         2        -0.0315              0
         2        -0.0312              0
         2        -0.0309              0
         2        -0.0306              0
         2        -0.0303              0
         2          -0.03       -39.7295
         2        -0.0297       -168.731
         2        -0.0294       -299.013
         2        -0.0291       -430.705
         2        -0.0288       -563.965
         2        -0.0285       -698.977
         2        -0.0282       -835.936
         2        -0.0279       -975.054
         2        -0.0276       -1116.55
         2        -0.0273       -1260.67
         2         -0.027       -1407.65
         2        -0.0267       -1557.75
         2        -0.0264       -1711.26
         2        -0.0261       -1868.46
         2        -0.0258       -2029.66
         2        -0.0255       -2195.19
         2        -0.0252       -2365.39
         2        -0.0249       -2540.64
         2        -0.0246       -2721.32
         2        -0.0243       -2907.84
         2         -0.024       -3100.65
         2        -0.0237        -3300.2
         2        -0.0234       -3506.99
         2        -0.0231       -3721.54
         2        -0.0228       -3944.41
         2        -0.0225       -4176.17
         2        -0.0222       -4417.44
         2        -0.0219       -4668.87
         2        -0.0216       -4931.16
         2        -0.0213       -5205.01
         2         -0.021       -5491.19
         2        -0.0207       -5790.49
         2        -0.0204       -6103.73
         2        -0.0201       -6431.78
         2        -0.0198       -6775.56
         2        -0.0195       -7136.05
         2        -0.0192        -7514.2
         2        -0.0189       -7911.02
         2        -0.0186       -8327.56
         2        -0.0183        -8764.9
         2         -0.018       -9224.17
         2        -0.0177       -9706.55
         2        -0.0174       -10213.3
         2        -0.0171       -10745.6
         2        -0.0168       -11304.8
         2        -0.0165       -11892.3
         2        -0.0162       -12509.6
         2        -0.0159       -13158.2
         2        -0.0156       -13839.7
         2        -0.0153       -14555.8
         2         -0.015       -15308.5
         2        -0.0147       -16099.7
         2        -0.0144       -16931.5
         2        -0.0141       -17806.3
         2        -0.0138       -18726.5
         2        -0.0135       -19695.1
         2        -0.0132         -20715
         2        -0.0129       -21789.6
         2        -0.0126       -22922.6
         2        -0.0123       -24118.1
         2         -0.012       -25380.8
         2        -0.0117       -26715.8
         2        -0.0114       -28128.9
         2        -0.0111       -29626.7
         2        -0.0108       -31216.6
         2        -0.0105         -32907
         2        -0.0102       -34707.7
         2        -0.0099       -36629.8
         2        -0.0096       -38686.3
         2        -0.0093       -40892.1
         2         -0.009       -43265.1
         2        -0.0087       -45826.4
         2        -0.0084       -48601.2
         2        -0.0081       -51620.3
         2        -0.0078       -54921.4
         2        -0.0075       -58551.8
         2        -0.0072       -62571.8
         2        -0.0069       -67059.9
         2        -0.0066       -72120.8
         2        -0.0063       -77895.9
         2         -0.006       -84571.1
         2        -0.0057       -92321.8
         2        -0.0054        -100000
         2        -0.0051        -100000
         2        -0.0048        -100000
         2        -0.0045         -99832
         2        -0.0042       -98471.1
         2        -0.0039       -97218.9
         2        -0.0036       -96165.6
         2        -0.0033       -95313.6
         2         -0.003       -94644.3
         2        -0.0027       -94134.2
         2        -0.0024       -93758.9
         2        -0.0021       -93494.9
         2        -0.0018       -93319.9
         2        -0.0015       -93212.8
         2        -0.0012       -93154.7
         2        -0.0009       -93128.6
         2        -0.0006       -93120.6
         2        -0.0003       -93120.1
         2              0       -93120.7
         2         0.0003       -93120.2
         2         0.0006       -93120.7
         2         0.0009       -93128.8
         2         0.0012       -93154.9
         2         0.0015         -93213
         2         0.0018         -93320
         2         0.0021       -93494.9
         2         0.0024       -93758.8
         2         0.0027       -94133.9
         2          0.003       -94643.8
         2         0.0033       -95312.8
         2         0.0036       -96164.7
         2         0.0039       -97217.8
         2         0.0042       -98469.9
         2         0.0045         -99831
         2         0.0048        -100000
         2         0.0051        -100000
         2         0.0054        -100000
         2         0.0057       -92334.2
         2          0.006       -84580.4
         2         0.0063       -77905.1
         2         0.0066       -72130.3
         2         0.0069       -67069.8
         2         0.0072       -62582.1
         2         0.0075       -58562.6
         2         0.0078       -54932.8
         2         0.0081       -51632.5
         2         0.0084       -48614.3
         2         0.0087       -45840.4
         2          0.009       -43280.2
         2         0.0093       -40908.4
         2         0.0096       -38703.8
         2         0.0099       -36648.8
         2         0.0102       -34728.2
         2         0.0105       -32929.1
         2         0.0108       -31240.3
         2         0.0111       -29652.1
         2         0.0114       -28156.1
         2         0.0117       -26744.9
         2          0.012       -25411.8
         2         0.0123         -24151
         2         0.0126       -22957.5
         2         0.0129       -21826.5
         2         0.0132       -20753.9
         2         0.0135         -19736
         2         0.0138       -18769.4
         2         0.0141         -17851
         2         0.0144         -16978
         2         0.0147       -16147.9
         2          0.015       -15358.3
         2         0.0153       -14607.1
         2         0.0156       -13892.3
         2         0.0159       -13211.9
         2         0.0162       -12564.3
         2         0.0165       -11947.8
         2         0.0168       -11360.9
         2         0.0171         -10802
         2         0.0174       -10269.9
         2         0.0177       -9763.17
         2          0.018       -9280.57
         2         0.0183       -8820.87
         2         0.0186       -8382.92
         2         0.0189       -7965.58
         2         0.0192       -7567.81
         2         0.0195       -7188.54
         2         0.0198        -6826.8
         2         0.0201       -6481.64
         2         0.0204       -6152.11
         2         0.0207       -5837.31
         2          0.021       -5536.38
         2         0.0213       -5248.51
         2         0.0216       -4972.91
         2         0.0219       -4708.86
         2         0.0222       -4455.63
         2         0.0225       -4212.56
         2         0.0228          -3979
         2         0.0231       -3754.35
         2         0.0234       -3538.02
         2         0.0237       -3329.48
         2          0.024        -3128.2
         2         0.0243        -2933.7
         2         0.0246       -2745.52
         2         0.0249       -2563.21
         2         0.0252       -2386.38
         2         0.0255       -2214.63
         2         0.0258        -2047.6
         2         0.0261       -1884.93
         2         0.0264       -1726.31
         2         0.0267       -1571.41
         2          0.027       -1419.96
         2         0.0273       -1271.66
         2         0.0276       -1126.26
         2         0.0279        -983.51
         2         0.0282       -843.167
         2         0.0285       -705.008
         2         0.0288       -568.821
         2         0.0291       -434.406
         2         0.0294       -301.578
         2         0.0297       -170.177
         2           0.03       -40.0698
         2         0.0303              0
         2         0.0306              0
         2         0.0309              0
         2         0.0312              0
         2         0.0315              0
         2         0.0318              0
         2         0.0321              0
         2         0.0324              0
         2         0.0327              0
         2          0.033              0
         2         0.0333              0
         2         0.0336              0
         2         0.0339              0
         2         0.0342              0
         2         0.0345              0
         2         0.0348              0
         2         0.0351              0
         2         0.0354              0
         2         0.0357              0
         2          0.036              0
         2         0.0363              0
         2         0.0366              0
         2         0.0369              0
         2         0.0372              0
         2         0.0375              0
         2         0.0378              0
         2         0.0381              0
         2         0.0384              0
         2         0.0387              0
         2          0.039              0
         2         0.0393              0
         2         0.0396              0
         2         0.0399              0
         2         0.0402              0
         2         0.0405              0
         2         0.0408              0
         2         0.0411              0
         2         0.0414              0
         2         0.0417              0
         2          0.042              0
         2         0.0423              0
         2         0.0426              0
         2         0.0429              0
         2         0.0432              0
         2         0.0435              0
         2         0.0438              0
         2         0.0441              0
         2         0.0444              0
         2         0.0447              0
         2          0.045              0
         2         0.0453              0
         2         0.0456              0
         2         0.0459              0
         2         0.0462              0
         2         0.0465              0
         2         0.0468              0
         2         0.0471              0
         2         0.0474              0
         2         0.0477              0
         3         -0.048              0
         3        -0.0477              0
         3        -0.0474              0
         3        -0.0471              0
         3        -0.0468              0
         3        -0.0465              0
         3        -0.0462              0
         3        -0.0459              0
         3        -0.0456              0
         3        -0.0453              0
         3         -0.045              0
         3        -0.0447              0
         3        -0.0444              0
         3        -0.0441              0
         3        -0.0438              0
         3        -0.0435              0
         3        -0.0432              0
         3        -0.0429              0
         3        -0.0426              0
         3        -0.0423              0
         3         -0.042              0
         3        -0.0417              0
         3        -0.0414              0
         3        -0.0411              0
         3        -0.0408              0
         3        -0.0405              0
         3        -0.0402              0
         3        -0.0399              0
         3        -0.0396              0
         3        -0.0393              0
         3         -0.039              0
         3        -0.0387              0
         3        -0.0384              0
         3        -0.0381              0
         3        -0.0378              0
         3        -0.0375              0
         3        -0.0372              0
         3        -0.0369              0
         3        -0.0366              0
         3        -0.0363              0
         3         -0.036              0
         3        -0.0357              0
         3        -0.0354              0
         3        -0.0351              0
         3        -0.0348              0
         3        -0.0345              0
         3        -0.0342              0
         3        -0.0339              0
         3        -0.0336              0
         3        -0.0333              0
         3         -0.033              0
         3        -0.0327              0
         3        -0.0324              0
         3        -0.0321              0
         3        -0.0318              0
         3        -0.0315              0
         3        -0.0312              0
         3        -0.0309              0
         3        -0.0306              0
         3        -0.0303              0
         3          -0.03       -39.6981
         3        -0.0297       -168.598
         3        -0.0294       -298.777
         3        -0.0291       -430.363
         3        -0.0288       -563.516
         3        -0.0285       -698.416
         3        -0.0282       -835.261
         3        -0.0279       -974.259
         3        -0.0276       -1115.63
         3        -0.0273       -1259.62
         3         -0.027       -1406.46
         3        -0.0267       -1556.41
         3        -0.0264       -1709.76
         3        -0.0261        -1866.8
         3        -0.0258       -2027.82
         3        -0.0255       -2193.16
         3        -0.0252       -2363.17
         3        -0.0249       -2538.21
         3        -0.0246       -2718.67
         3        -0.0243       -2904.95
         3         -0.024       -3097.51
         3        -0.0237       -3296.81
         3        -0.0234       -3503.33
         3        -0.0231       -3717.59
         3        -0.0228       -3940.16
         3        -0.0225       -4171.61
         3        -0.0222       -4412.56
         3        -0.0219       -4663.66
         3        -0.0216        -4925.6
         3        -0.0213       -5199.09
         3         -0.021        -5484.9
         3        -0.0207       -5783.82
         3        -0.0204       -6096.67
         3        -0.0201       -6424.32
         3        -0.0198       -6767.71
         3        -0.0195       -7127.83
         3        -0.0192       -7505.62
         3        -0.0189        -7902.1
         3        -0.0186        -8318.3
         3        -0.0183       -8755.31
         3         -0.018       -9214.26
         3        -0.0177       -9696.33
         3        -0.0174       -10202.7
         3        -0.0171       -10734.7
         3        -0.0168       -11293.7
         3        -0.0165       -11880.9
         3        -0.0162         -12498
         3        -0.0159       -13146.3
         3        -0.0156       -13827.6
         3        -0.0153       -14543.6
         3         -0.015         -15296
         3        -0.0147         -16087
         3        -0.0144       -16918.7
         3        -0.0141       -17793.3
         3        -0.0138       -18713.5
         3        -0.0135         -19682
         3        -0.0132       -20701.8
         3        -0.0129       -21776.3
         3        -0.0126       -22909.2
         3        -0.0123       -24104.7
         3         -0.012       -25367.4
         3        -0.0117       -26702.4
         3        -0.0114       -28115.5
         3        -0.0111       -29613.4
         3        -0.0108       -31203.3
         3        -0.0105       -32893.8
         3        -0.0102       -34694.6
         3        -0.0099       -36616.8
         3        -0.0096       -38673.4
         3        -0.0093       -40879.4
         3         -0.009       -43252.6
         3        -0.0087       -45814.1
         3        -0.0084       -48589.3
         3        -0.0081       -51608.7
         3        -0.0078       -54910.3
         3        -0.0075       -58541.3
         3        -0.0072       -62562.1
         3        -0.0069       -67051.2
         3        -0.0066       -72113.2
         3        -0.0063       -77889.7
         3         -0.006       -84566.7
         3        -0.0057       -92319.6
         3        -0.0054        -100000
         3        -0.0051        -100000
         3        -0.0048        -100000
         3        -0.0045       -99831.8
         3        -0.0042       -98469.1
         3        -0.0039       -97215.2
         3        -0.0036       -96160.2
         3        -0.0033       -95306.6
         3         -0.003       -94635.8
         3        -0.0027       -94124.2
         3        -0.0024       -93747.4
         3        -0.0021       -93482.1
         3        -0.0018       -93305.7
         3        -0.0015       -93197.4
         3        -0.0012       -93138.1
         3        -0.0009       -93110.9
         3        -0.0006       -93102.1
         3        -0.0003       -93101.1
         3              0       -93101.5
         3         0.0003       -93101.2
         3         0.0006       -93102.3
         3         0.0009       -93111.2
         3         0.0012       -93138.4
         3         0.0015       -93197.6
         3         0.0018       -93305.9
         3         0.0021       -93482.2
         3         0.0024       -93747.5
         3         0.0027         -94124
         3          0.003       -94635.4
         3         0.0033       -95305.9
         3         0.0036       -96159.4
         3         0.0039       -97214.1
         3         0.0042         -98468
         3         0.0045       -99830.8
         3         0.0048        -100000
         3         0.0051        -100000
         3         0.0054        -100000
         3         0.0057         -92332
         3          0.006       -84575.9
         3         0.0063       -77898.9
         3         0.0066       -72122.6
         3         0.0069         -67061
         3         0.0072       -62572.4
         3         0.0075       -58552.2
         3         0.0078       -54921.8
         3         0.0081         -51621
         3         0.0084       -48602.4
         3         0.0087       -45828.3
         3          0.009       -43267.8
         3         0.0093       -40895.8
         3         0.0096       -38691.1
         3         0.0099       -36635.9
         3         0.0102       -34715.1
         3         0.0105       -32915.9
         3         0.0108         -31227
         3         0.0111       -29638.8
         3         0.0114       -28142.7
         3         0.0117       -26731.5
         3          0.012       -25398.3
         3         0.0123       -24137.6
         3         0.0126       -22944.1
         3         0.0129       -21813.1
         3         0.0132       -20740.6
         3         0.0135       -19722.7
         3         0.0138       -18756.2
         3         0.0141       -17837.9
         3         0.0144       -16965.1
         3         0.0147       -16135.1
         3          0.015       -15345.7
         3         0.0153       -14594.7
         3         0.0156       -13880.1
         3         0.0159         -13200
         3         0.0162       -12552.6
         3         0.0165       -11936.4
         3         0.0168       -11349.7
         3         0.0171       -10791.2
         3         0.0174       -10259.3
         3         0.0177       -9752.91
         3          0.018       -9270.62
         3         0.0183       -8811.25
         3         0.0186       -8373.62
         3         0.0189       -7956.63
         3         0.0192        -7559.2
         3         0.0195       -7180.28
         3         0.0198       -6818.91
         3         0.0201       -6474.15
         3         0.0204       -6145.02
         3         0.0207       -5830.61
         3          0.021       -5530.06
         3         0.0213       -5242.55
         3         0.0216       -4967.32
         3         0.0219       -4703.61
         3         0.0222       -4450.73
         3         0.0225       -4207.98
         3         0.0228       -3974.73
         3         0.0231       -3750.37
         3         0.0234       -3534.33
         3         0.0237       -3326.06
         3          0.024       -3125.04
         3         0.0243       -2930.78
         3         0.0246       -2742.83
         3         0.0249       -2560.75
         3         0.0252       -2384.13
         3         0.0255       -2212.58
         3         0.0258       -2045.74
         3         0.0261       -1883.25
         3         0.0264       -1724.79
         3         0.0267       -1570.05
         3          0.027       -1418.74
         3         0.0273       -1270.59
         3         0.0276       -1125.32
         3         0.0279       -982.698
         3         0.0282       -842.477
         3         0.0285       -704.435
         3         0.0288       -568.362
         3         0.0291       -434.057
         3         0.0294       -301.337
         3         0.0297        -170.04
         3           0.03       -40.0377
         3         0.0303              0
         3         0.0306              0
         3         0.0309              0
         3         0.0312              0
         3         0.0315              0
         3         0.0318              0
         3         0.0321              0
         3         0.0324              0
         3         0.0327              0
         3          0.033              0
         3         0.0333              0
         3         0.0336              0
         3         0.0339              0
         3         0.0342              0
         3         0.0345              0
         3         0.0348              0
         3         0.0351              0
         3         0.0354              0
         3         0.0357              0
         3          0.036              0
         3         0.0363              0
         3         0.0366              0
         3         0.0369              0
         3         0.0372              0
         3         0.0375              0
         3         0.0378              0
         3         0.0381              0
         3         0.0384              0
         3         0.0387              0
         3          0.039              0
         3         0.0393              0
         3         0.0396              0
         3         0.0399              0
         3         0.0402              0
         3         0.0405              0
         3         0.0408              0
         3         0.0411              0
         3         0.0414              0
         3         0.0417              0
         3          0.042              0
         3         0.0423              0
         3         0.0426              0
         3         0.0429              0
         3         0.0432              0
         3         0.0435              0
         3         0.0438              0
         3         0.0441              0
         3         0.0444              0
         3         0.0447              0
         3          0.045              0
         3         0.0453              0
         3         0.0456              0
         3         0.0459              0
         3         0.0462              0
         3         0.0465              0
         3         0.0468              0
         3         0.0471              0
         3         0.0474              0
         3         0.0477              0
         4         -0.048              0
         4        -0.0477              0
         4        -0.0474              0
         4        -0.0471              0
         4        -0.0468              0
         4        -0.0465              0
         4        -0.0462              0
         4        -0.0459              0
         4        -0.0456              0
         4        -0.0453              0
         4         -0.045              0
         4        -0.0447              0
         4        -0.0444              0
         4        -0.0441              0
         4        -0.0438              0
         4        -0.0435              0
         4        -0.0432              0
         4        -0.0429              0
         4        -0.0426              0
         4        -0.0423              0
         4         -0.042              0
         4        -0.0417              0
         4        -0.0414              0
         4        -0.0411              0
         4        -0.0408              0
         4        -0.0405              0
         4        -0.0402              0
         4        -0.0399              0
         4        -0.0396              0
         4        -0.0393              0
         4         -0.039              0
         4        -0.0387              0
         4        -0.0384              0
         4        -0.0381              0
         4        -0.0378              0
         4        -0.0375              0
         4        -0.0372              0
         4        -0.0369              0
         4        -0.0366              0
         4        -0.0363              0
         4         -0.036              0
         4        -0.0357              0
         4        -0.0354              0
         4        -0.0351              0
         4        -0.0348              0
         4        -0.0345              0
         4        -0.0342              0
         4        -0.0339              0
         4        -0.0336              0
         4        -0.0333              0
         4         -0.033              0
         4        -0.0327              0
         4        -0.0324              0
         4        -0.0321              0
         4        -0.0318              0
         4        -0.0315              0
         4        -0.0312              0
         4        -0.0309              0
         4        -0.0306              0
         4        -0.0303              0
         4          -0.03       -39.6493
         4        -0.0297        -168.39
         4        -0.0294       -298.411
         4        -0.0291       -429.841
         4        -0.0288        -562.84
         4        -0.0285        -697.59
         4        -0.0282       -834.288
         4        -0.0279       -973.146
         4        -0.0276       -1114.38
         4        -0.0273       -1258.24
         4         -0.027       -1404.95
         4        -0.0267       -1554.79
         4        -0.0264       -1708.02
         4        -0.0261       -1864.94
         4        -0.0258       -2025.85
         4        -0.0255       -2191.08
         4        -0.0252       -2360.98
         4        -0.0249       -2535.91
         4        -0.0246       -2716.25
         4        -0.0243       -2902.43
         4         -0.024       -3094.87
         4        -0.0237       -3294.05
         4        -0.0234       -3500.44
         4        -0.0231       -3714.58
         4        -0.0228       -3937.02
         4        -0.0225       -4168.33
         4        -0.0222       -4409.14
         4        -0.0219       -4660.08
         4        -0.0216       -4921.86
         4        -0.0213       -5195.19
         4         -0.021       -5480.82
         4        -0.0207       -5779.55
         4        -0.0204       -6092.21
         4        -0.0201       -6419.65
         4        -0.0198       -6762.82
         4        -0.0195       -7122.73
         4        -0.0192       -7500.33
         4        -0.0189        -7896.6
         4        -0.0186       -8312.59
         4        -0.0183       -8749.39
         4         -0.018       -9208.13
         4        -0.0177       -9689.97
         4        -0.0174       -10196.1
         4        -0.0171       -10727.9
         4        -0.0168       -11286.6
         4        -0.0165       -11873.6
         4        -0.0162       -12490.4
         4        -0.0159       -13138.5
         4        -0.0156       -13819.6
         4        -0.0153       -14535.3
         4         -0.015       -15287.6
         4        -0.0147       -16078.3
         4        -0.0144       -16909.8
         4        -0.0141       -17784.2
         4        -0.0138       -18704.1
         4        -0.0135       -19672.4
         4        -0.0132       -20692.1
         4        -0.0129       -21766.4
         4        -0.0126       -22899.2
         4        -0.0123       -24094.6
         4         -0.012       -25357.2
         4        -0.0117       -26692.1
         4        -0.0114       -28105.3
         4        -0.0111       -29603.1
         4        -0.0108       -31193.1
         4        -0.0105       -32883.7
         4        -0.0102       -34684.6
         4        -0.0099       -36606.9
         4        -0.0096       -38663.7
         4        -0.0093       -40869.9
         4         -0.009       -43243.4
         4        -0.0087       -45805.2
         4        -0.0084       -48580.7
         4        -0.0081       -51600.5
         4        -0.0078       -54902.5
         4        -0.0075         -58534
         4        -0.0072       -62555.4
         4        -0.0069       -67045.1
         4        -0.0066       -72107.9
         4        -0.0063       -77885.5
         4         -0.006       -84563.7
         4        -0.0057         -92318
         4        -0.0054        -100000
         4        -0.0051        -100000
         4        -0.0048        -100000
         4        -0.0045       -99831.5
         4        -0.0042       -98466.5
         4        -0.0039       -97210.1
         4        -0.0036       -96152.8
         4        -0.0033       -95296.9
         4         -0.003       -94623.9
         4        -0.0027       -94110.2
         4        -0.0024       -93731.5
         4        -0.0021       -93464.3
         4        -0.0018       -93286.3
         4        -0.0015       -93176.4
         4        -0.0012       -93115.8
         4        -0.0009       -93087.5
         4        -0.0006       -93077.8
         4        -0.0003       -93076.2
         4              0       -93076.4
         4         0.0003       -93076.4
         4         0.0006       -93078.1
         4         0.0009         -93088
         4         0.0012       -93116.2
         4         0.0015       -93176.9
         4         0.0018       -93286.6
         4         0.0021       -93464.6
         4         0.0024       -93731.6
         4         0.0027       -94110.1
         4          0.003       -94623.5
         4         0.0033       -95296.2
         4         0.0036       -96151.9
         4         0.0039         -97209
         4         0.0042       -98465.3
         4         0.0045       -99830.5
         4         0.0048        -100000
         4         0.0051        -100000
         4         0.0054        -100000
         4         0.0057       -92330.4
         4          0.006       -84572.8
         4         0.0063       -77894.6
         4         0.0066       -72117.4
         4         0.0069         -67055
         4         0.0072       -62565.7
         4         0.0075       -58544.9
         4         0.0078       -54914.1
         4         0.0081       -51612.8
         4         0.0084       -48593.9
         4         0.0087       -45819.4
         4          0.009       -43258.6
         4         0.0093       -40886.4
         4         0.0096       -38681.4
         4         0.0099         -36626
         4         0.0102       -34705.2
         4         0.0105       -32905.8
         4         0.0108       -31216.8
         4         0.0111       -29628.6
         4         0.0114       -28132.5
         4         0.0117       -26721.3
         4          0.012       -25388.2
         4         0.0123       -24127.6
         4         0.0126       -22934.1
         4         0.0129       -21803.3
         4         0.0132       -20730.9
         4         0.0135       -19713.3
         4         0.0138       -18746.9
         4         0.0141       -17828.9
         4         0.0144       -16956.2
         4         0.0147       -16126.5
         4          0.015       -15337.4
         4         0.0153       -14586.6
         4         0.0156       -13872.2
         4         0.0159       -13192.3
         4         0.0162       -12545.2
         4         0.0165       -11929.2
         4         0.0168       -11342.8
         4         0.0171       -10784.5
         4         0.0174       -10252.9
         4         0.0177       -9746.68
         4          0.018       -9264.61
         4         0.0183       -8805.44
         4         0.0186       -8368.01
         4         0.0189       -7951.21
         4         0.0192       -7553.97
         4         0.0195       -7175.24
         4         0.0198       -6814.05
         4         0.0201       -6469.49
         4         0.0204       -6140.57
         4         0.0207       -5826.34
         4          0.021       -5525.98
         4         0.0213       -5238.64
         4         0.0216       -4963.57
         4         0.0219       -4700.02
         4         0.0222       -4447.28
         4         0.0225       -4204.67
         4         0.0228       -3971.56
         4         0.0231       -3747.33
         4         0.0234       -3531.41
         4         0.0237       -3323.26
         4          0.024       -3122.36
         4         0.0243       -2928.22
         4         0.0246       -2740.39
         4         0.0249       -2558.42
         4         0.0252       -2381.91
         4         0.0255       -2210.47
         4         0.0258       -2043.74
         4         0.0261       -1881.36
         4         0.0264       -1723.02
         4         0.0267        -1568.4
         4          0.027       -1417.22
         4         0.0273       -1269.19
         4         0.0276       -1124.06
         4         0.0279       -981.575
         4         0.0282       -841.497
         4         0.0285       -703.603
         4         0.0288       -567.681
         4         0.0291       -433.531
         4         0.0294       -300.969
         4         0.0297       -169.832
         4           0.03       -39.9884
         4         0.0303              0
         4         0.0306              0
         4         0.0309              0
         4         0.0312              0
         4         0.0315              0
         4         0.0318              0
         4         0.0321              0
         4         0.0324              0
         4         0.0327              0
         4          0.033              0
         4         0.0333              0
         4         0.0336              0
         4         0.0339              0
         4         0.0342              0
         4         0.0345              0
         4         0.0348              0
         4         0.0351              0
         4         0.0354              0
         4         0.0357              0
         4          0.036              0
         4         0.0363              0
         4         0.0366              0
         4         0.0369              0
         4         0.0372              0
         4         0.0375              0
         4         0.0378              0
         4         0.0381              0
         4         0.0384              0
         4         0.0387              0
         4          0.039              0
         4         0.0393              0
         4         0.0396              0
         4         0.0399              0
         4         0.0402              0
         4         0.0405              0
         4         0.0408              0
         4         0.0411              0
         4         0.0414              0
         4         0.0417              0
         4          0.042              0
         4         0.0423              0
         4         0.0426              0
         4         0.0429              0
         4         0.0432              0
         4         0.0435              0
         4         0.0438              0
         4         0.0441              0
         4         0.0444              0
         4         0.0447              0
         4          0.045              0
         4         0.0453              0
         4         0.0456              0
         4         0.0459              0
         4         0.0462              0
         4         0.0465              0
         4         0.0468              0
         4         0.0471              0
         4         0.0474              0
         4         0.0477              0
