# iteration    r (m)    potential (V)
         1         -0.048              0
         1        -0.0477              0
         1        -0.0474              0
         1        -0.0471              0
         1        -0.0468              0
         1        -0.0465              0
         1        -0.0462              0
         1        -0.0459              0
         1        -0.0456              0
         1        -0.0453              0
         1         -0.045              0
         1        -0.0447              0
         1        -0.0444              0
         1        -0.0441              0
         1        -0.0438              0
         1        -0.0435              0
         1        -0.0432              0
         1        -0.0429              0
         1        -0.0426              0
         1        -0.0423              0
         1         -0.042              0
         1        -0.0417              0
         1        -0.0414              0
         1        -0.0411              0
         1        -0.0408              0
         1        -0.0405              0
         1        -0.0402              0
         1        -0.0399              0
         1        -0.0396              0
         1        -0.0393              0
         1         -0.039              0
         1        -0.0387              0
         1        -0.0384              0
         1        -0.0381              0
         1        -0.0378              0
         1        -0.0375              0
         1        -0.0372              0
         1        -0.0369              0
         1        -0.0366              0
         1        -0.0363              0
         1         -0.036              0
         1        -0.0357              0
         1        -0.0354              0
         1        -0.0351              0
         1        -0.0348              0
         1        -0.0345              0
         1        -0.0342              0
         1        -0.0339              0
         1        -0.0336              0
         1        -0.0333              0
         1         -0.033              0
         1        -0.0327              0
         1        -0.0324              0
         1        -0.0321              0
         1        -0.0318              0
         1        -0.0315              0
         1        -0.0312              0
         1        -0.0309              0
         1        -0.0306              0
         1        -0.0303              0
         1          -0.03         -39.76
         1        -0.0297       -168.861
         1        -0.0294       -299.246
         1        -0.0291       -431.045
         1        -0.0288       -564.419
         1        -0.0285       -699.552
         1        -0.0282       -836.644
         1        -0.0279       -975.904
         1        -0.0276       -1117.56
         1        -0.0273       -1261.84
         1         -0.027          -1409
         1        -0.0267       -1559.31
         1        -0.0264       -1713.03
         1        -0.0261       -1870.45
         1        -0.0258        -2031.9
         1        -0.0255        -2197.7
         1        -0.0252       -2368.18
         1        -0.0249       -2543.73
         1        -0.0246       -2724.72
         1        -0.0243       -2911.57
         1         -0.024       -3104.72
         1        -0.0237       -3304.64
         1        -0.0234        -3511.8
         1        -0.0231       -3726.74
         1        -0.0228       -3950.01
         1        -0.0225       -4182.19
         1        -0.0222       -4423.89
         1        -0.0219       -4675.77
         1        -0.0216        -4938.5
         1        -0.0213       -5212.81
         1         -0.021       -5499.46
         1        -0.0207       -5799.23
         1        -0.0204       -6112.95
         1        -0.0201        -6441.5
         1        -0.0198       -6785.76
         1        -0.0195       -7146.68
         1        -0.0192       -7525.23
         1        -0.0189       -7922.43
         1        -0.0186       -8339.34
         1        -0.0183       -8777.03
         1         -0.018       -9236.64
         1        -0.0177       -9719.34
         1        -0.0174       -10226.4
         1        -0.0171         -10759
         1        -0.0168       -11318.5
         1        -0.0165       -11906.3
         1        -0.0162       -12523.8
         1        -0.0159       -13172.7
         1        -0.0156       -13854.4
         1        -0.0153       -14570.8
         1         -0.015       -15323.7
         1        -0.0147       -16115.1
         1        -0.0144       -16947.1
         1        -0.0141         -17822
         1        -0.0138       -18742.5
         1        -0.0135       -19711.2
         1        -0.0132       -20731.2
         1        -0.0129       -21805.9
         1        -0.0126         -22939
         1        -0.0123       -24134.6
         1         -0.012       -25397.4
         1        -0.0117       -26732.4
         1        -0.0114       -28145.6
         1        -0.0111       -29643.4
         1        -0.0108       -31233.3
         1        -0.0105       -32923.7
         1        -0.0102       -34724.3
         1        -0.0099       -36646.3
         1        -0.0096       -38702.6
         1        -0.0093       -40908.2
         1         -0.009         -43281
         1        -0.0087       -45841.9
         1        -0.0084       -48616.3
         1        -0.0081       -51634.8
         1        -0.0078       -54935.2
         1        -0.0075       -58564.8
         1        -0.0072       -62583.8
         1        -0.0069       -67070.7
         1        -0.0066       -72130.1
         1        -0.0063       -77903.5
         1         -0.006       -84576.5
         1        -0.0057       -92324.5
         1        -0.0054        -100000
         1        -0.0051        -100000
         1        -0.0048        -100000
         1        -0.0045       -99832.2
         1        -0.0042       -98472.6
         1        -0.0039       -97221.7
         1        -0.0036       -96169.6
         1        -0.0033       -95318.8
         1         -0.003       -94650.6
         1        -0.0027       -94141.6
         1        -0.0024       -93767.5
         1        -0.0021       -93504.6
         1        -0.0018       -93330.7
         1        -0.0015       -93224.7
         1        -0.0012       -93167.6
         1        -0.0009       -93142.5
         1        -0.0006       -93135.2
         1        -0.0003       -93135.3
         1              0       -93136.1
         1         0.0003       -93135.3
         1         0.0006       -93135.2
         1         0.0009       -93142.4
         1         0.0012       -93167.5
         1         0.0015       -93224.5
         1         0.0018       -93330.4
         1         0.0021       -93504.2
         1         0.0024         -93767
         1         0.0027         -94141
         1          0.003       -94649.8
         1         0.0033       -95317.8
         1         0.0036       -96168.5
         1         0.0039       -97220.5
         1         0.0042       -98471.4
         1         0.0045       -99831.1
         1         0.0048        -100000
         1         0.0051        -100000
         1         0.0054        -100000
         1         0.0057         -92337
         1          0.006       -84585.8
         1         0.0063       -77912.7
         1         0.0066       -72139.6
         1         0.0069       -67080.6
         1         0.0072       -62594.1
         1         0.0075       -58575.6
         1         0.0078       -54946.6
         1         0.0081       -51646.9
         1         0.0084       -48629.2
         1         0.0087       -45855.8
         1          0.009       -43295.9
         1         0.0093       -40924.4
         1         0.0096         -38720
         1         0.0099       -36665.1
         1         0.0102       -34744.6
         1         0.0105       -32945.5
         1         0.0108       -31256.8
         1         0.0111       -29668.7
         1         0.0114       -28172.7
         1         0.0117       -26761.4
         1          0.012       -25428.3
         1         0.0123       -24167.6
         1         0.0126         -22974
         1         0.0129       -21842.9
         1         0.0132       -20770.2
         1         0.0135       -19752.2
         1         0.0138       -18785.5
         1         0.0141       -17866.9
         1         0.0144       -16993.8
         1         0.0147       -16163.5
         1          0.015       -15373.8
         1         0.0153       -14622.4
         1         0.0156       -13907.3
         1         0.0159       -13226.7
         1         0.0162       -12578.9
         1         0.0165       -11962.1
         1         0.0168       -11374.9
         1         0.0171       -10815.8
         1         0.0174       -10283.4
         1         0.0177       -9776.31
         1          0.018       -9293.38
         1         0.0183       -8833.34
         1         0.0186       -8395.04
         1         0.0189       -7977.34
         1         0.0192       -7579.18
         1         0.0195       -7199.51
         1         0.0198       -6837.34
         1         0.0201        -6491.7
         1         0.0204       -6161.68
         1         0.0207       -5846.39
         1          0.021       -5544.97
         1         0.0213       -5256.62
         1         0.0216       -4980.55
         1         0.0219       -4716.03
         1         0.0222       -4462.35
         1         0.0225       -4218.84
         1         0.0228       -3984.85
         1         0.0231       -3759.77
         1         0.0234       -3543.04
         1         0.0237       -3334.11
         1          0.024       -3132.46
         1         0.0243        -2937.6
         1         0.0246       -2749.08
         1         0.0249       -2566.45
         1         0.0252       -2389.31
         1         0.0255       -2217.27
         1         0.0258       -2049.96
         1         0.0261       -1887.04
         1         0.0264       -1728.18
         1         0.0267       -1573.06
         1          0.027        -1421.4
         1         0.0273       -1272.91
         1         0.0276       -1127.34
         1         0.0279       -984.421
         1         0.0282       -843.927
         1         0.0285       -705.628
         1         0.0288       -569.311
         1         0.0291       -434.773
         1         0.0294        -301.83
         1         0.0297       -170.317
         1           0.03       -40.1027
         1         0.0303              0
         1         0.0306              0
         1         0.0309              0
         1         0.0312              0
         1         0.0315              0
         1         0.0318              0
         1         0.0321              0
         1         0.0324              0
         1         0.0327              0
         1          0.033              0
         1         0.0333              0
         1         0.0336              0
         1         0.0339              0
         1         0.0342              0
         1         0.0345              0
         1         0.0348              0
         1         0.0351              0
         1         0.0354              0
         1         0.0357              0
         1          0.036              0
         1         0.0363              0
         1         0.0366              0
         1         0.0369              0
         1         0.0372              0
         1         0.0375              0
         1         0.0378              0
         1         0.0381              0
         1         0.0384              0
         1         0.0387              0
         1          0.039              0
         1         0.0393              0
         1         0.0396              0
         1         0.0399              0
         1         0.0402              0
         1         0.0405              0
         1         0.0408              0
         1         0.0411              0
         1         0.0414              0
         1         0.0417              0
         1          0.042              0
         1         0.0423              0
         1         0.0426              0
         1         0.0429              0
         1         0.0432              0
         1         0.0435              0
         1         0.0438              0
         1         0.0441              0
         1         0.0444              0
         1         0.0447              0
         1          0.045              0
         1         0.0453              0
         1         0.0456              0
         1         0.0459              0
         1         0.0462              0
         1         0.0465              0
         1         0.0468              0
         1         0.0471              0
         1         0.0474              0
         1         0.0477              0
         2         -0.048              0
         2        -0.0477              0
         2        -0.0474              0
         2        -0.0471              0
         2        -0.0468              0
         2        -0.0465              0
         2        -0.0462              0
         2        -0.0459              0
         2        -0.0456              0
         2        -0.0453              0
         2         -0.045              0
         2        -0.0447              0
         2        -0.0444              0
         2        -0.0441              0
         2        -0.0438              0
         2        -0.0435              0
         2        -0.0432              0
         2        -0.0429              0
         2        -0.0426              0
         2        -0.0423              0
         2         -0.042              0
         2        -0.0417              0
         2        -0.0414              0
         2        -0.0411              0
         2        -0.0408              0
         2        -0.0405              0
         2        -0.0402              0
         2        -0.0399              0
         2        -0.0396              0
         2        -0.0393              0
         2         -0.039              0
         2        -0.0387              0
         2        -0.0384              0
         2        -0.0381              0
         2        -0.0378              0
         2        -0.0375              0
         2        -0.0372              0
         2        -0.0369              0
         2        -0.0366              0
         2        -0.0363              0
         2         -0.036              0
         2        -0.0357              0
         2        -0.0354              0
         2        -0.0351              0
         2        -0.0348              0
         2        -0.0345              0
         2        -0.0342              0
         2        -0.0339              0
         2        -0.0336              0
         2        -0.0333              0
         2         -0.033              0
         2        -0.0327              0
         2        -0.0324              0
         2        -0.0321              0
         2        -0.0318              0
         2        -0.0315              0
         2        -0.0312              0
         2        -0.0309              0
         2        -0.0306              0
         2        -0.0303              0
         2          -0.03       -39.1086
         2        -0.0297       -166.094
         2        -0.0294       -294.341
         2        -0.0291       -423.977
         2        -0.0288       -555.161
         2        -0.0285       -688.071
         2        -0.0282       -822.906
         2        -0.0279       -959.871
         2        -0.0276       -1099.19
         2        -0.0273       -1241.08
         2         -0.027       -1385.81
         2        -0.0267       -1533.62
         2        -0.0264       -1684.79
         2        -0.0261       -1839.61
         2        -0.0258       -1998.38
         2        -0.0255       -2161.42
         2        -0.0252       -2329.09
         2        -0.0249       -2501.75
         2        -0.0246       -2679.78
         2        -0.0243       -2863.59
         2         -0.024       -3053.61
         2        -0.0237        -3250.3
         2        -0.0234       -3454.15
         2        -0.0231       -3665.68
         2        -0.0228       -3885.44
         2        -0.0225          -4114
         2        -0.0222       -4351.98
         2        -0.0219       -4600.03
         2        -0.0216       -4858.83
         2        -0.0213       -5129.11
         2         -0.021       -5411.62
         2        -0.0207       -5707.14
         2        -0.0204        -6016.5
         2        -0.0201       -6340.52
         2        -0.0198       -6680.32
         2        -0.0195       -7037.22
         2        -0.0192       -7411.95
         2        -0.0189       -7805.45
         2        -0.0186       -8218.73
         2        -0.0183       -8652.86
         2         -0.018       -9108.95
         2        -0.0177       -9588.16
         2        -0.0174       -10091.7
         2        -0.0171       -10620.9
         2        -0.0168       -11176.9
         2        -0.0165       -11761.4
         2        -0.0162       -12375.5
         2        -0.0159         -13021
         2        -0.0156       -13699.5
         2        -0.0153       -14412.7
         2         -0.015       -15162.4
         2        -0.0147       -15950.7
         2        -0.0144       -16779.7
         2        -0.0141       -17651.8
         2        -0.0138       -18569.5
         2        -0.0135       -19535.7
         2        -0.0132       -20553.4
         2        -0.0129       -21625.9
         2        -0.0126       -22757.1
         2        -0.0123       -23951.2
         2         -0.012       -25212.6
         2        -0.0117       -26546.7
         2        -0.0114       -27959.3
         2        -0.0111       -29456.8
         2        -0.0108       -31046.8
         2        -0.0105       -32737.9
         2        -0.0102       -34539.7
         2        -0.0099       -36463.4
         2        -0.0096         -38522
         2        -0.0093       -40730.6
         2         -0.009       -43107.1
         2        -0.0087       -45672.7
         2        -0.0084       -48452.7
         2        -0.0081         -51478
         2        -0.0078       -54786.5
         2        -0.0075       -58425.6
         2        -0.0072       -62455.8
         2        -0.0069         -66956
         2        -0.0066       -72031.3
         2        -0.0063       -77823.7
         2         -0.006       -84519.9
         2        -0.0057         -92296
         2        -0.0054        -100000
         2        -0.0051        -100000
         2        -0.0048        -100000
         2        -0.0045       -99829.8
         2        -0.0042       -98450.7
         2        -0.0039       -97180.4
         2        -0.0036       -96109.7
         2        -0.0033       -95240.8
         2         -0.003       -94555.3
         2        -0.0027       -94029.5
         2        -0.0024       -93639.1
         2        -0.0021       -93360.2
         2        -0.0018       -93170.9
         2        -0.0015       -93050.3
         2        -0.0012       -92979.8
         2        -0.0009       -92942.7
         2        -0.0006       -92925.8
         2        -0.0003       -92919.4
         2              0       -92918.1
         2         0.0003       -92920.4
         2         0.0006       -92927.6
         2         0.0009       -92945.1
         2         0.0012       -92982.6
         2         0.0015       -93053.4
         2         0.0018       -93174.1
         2         0.0021       -93363.4
         2         0.0024       -93641.9
         2         0.0027       -94032.1
         2          0.003       -94557.2
         2         0.0033       -95241.9
         2         0.0036         -96110
         2         0.0039       -97180.2
         2         0.0042         -98450
         2         0.0045       -99828.8
         2         0.0048        -100000
         2         0.0051        -100000
         2         0.0054        -100000
         2         0.0057       -92307.4
         2          0.006       -84527.7
         2         0.0063       -77831.5
         2         0.0066       -72039.4
         2         0.0069       -66964.6
         2         0.0072         -62465
         2         0.0075       -58435.5
         2         0.0078       -54797.3
         2         0.0081       -51489.8
         2         0.0084       -48465.7
         2         0.0087         -45687
         2          0.009       -43122.7
         2         0.0093       -40747.5
         2         0.0096       -38540.3
         2         0.0099       -36483.2
         2         0.0102         -34561
         2         0.0105       -32760.8
         2         0.0108       -31071.3
         2         0.0111       -29482.9
         2         0.0114       -27987.1
         2         0.0117       -26576.4
         2          0.012       -25244.1
         2         0.0123       -23984.4
         2         0.0126       -22792.2
         2         0.0129       -21662.8
         2         0.0132       -20592.1
         2         0.0135       -19576.2
         2         0.0138       -18611.9
         2         0.0141       -17695.9
         2         0.0144       -16825.6
         2         0.0147       -15998.2
         2          0.015       -15211.5
         2         0.0153       -14463.2
         2         0.0156       -13751.3
         2         0.0159         -13074
         2         0.0162       -12429.5
         2         0.0165       -11816.1
         2         0.0168       -11232.2
         2         0.0171       -10676.5
         2         0.0174       -10147.5
         2         0.0177       -9643.93
         2          0.018       -9164.46
         2         0.0183       -8707.92
         2         0.0186       -8273.15
         2         0.0189       -7859.03
         2         0.0192        -7464.5
         2         0.0195       -7088.57
         2         0.0198       -6730.34
         2         0.0201       -6389.07
         2         0.0204       -6063.51
         2         0.0207       -5752.59
         2          0.021       -5455.46
         2         0.0213       -5171.31
         2         0.0216       -4899.34
         2         0.0219       -4638.83
         2         0.0222       -4389.05
         2         0.0225       -4149.32
         2         0.0228       -3919.02
         2         0.0231       -3697.54
         2         0.0234        -3484.3
         2         0.0237       -3278.76
         2          0.024       -3080.41
         2         0.0243       -2888.76
         2         0.0246       -2703.36
         2         0.0249       -2523.77
         2         0.0252       -2349.58
         2         0.0255       -2180.42
         2         0.0258       -2015.91
         2         0.0261       -1855.72
         2         0.0264       -1699.51
         2         0.0267       -1546.99
         2          0.027       -1397.86
         2         0.0273       -1251.85
         2         0.0276        -1108.7
         2         0.0279       -968.157
         2         0.0282       -829.995
         2         0.0285       -693.988
         2         0.0288       -559.925
         2         0.0291       -427.609
         2         0.0294       -296.858
         2         0.0297       -167.512
         2           0.03       -39.4423
         2         0.0303              0
         2         0.0306              0
         2         0.0309              0
         2         0.0312              0
         2         0.0315              0
         2         0.0318              0
         2         0.0321              0
         2         0.0324              0
         2         0.0327              0
         2          0.033              0
         2         0.0333              0
         2         0.0336              0
         2         0.0339              0
         2         0.0342              0
         2         0.0345              0
         2         0.0348              0
         2         0.0351              0
         2         0.0354              0
         2         0.0357              0
         2          0.036              0
         2         0.0363              0
         2         0.0366              0
         2         0.0369              0
         2         0.0372              0
         2         0.0375              0
         2         0.0378              0
         2         0.0381              0
         2         0.0384              0
         2         0.0387              0
         2          0.039              0
         2         0.0393              0
         2         0.0396              0
         2         0.0399              0
         2         0.0402              0
         2         0.0405              0
         2         0.0408              0
         2         0.0411              0
         2         0.0414              0
         2         0.0417              0
         2          0.042              0
         2         0.0423              0
         2         0.0426              0
         2         0.0429              0
         2         0.0432              0
         2         0.0435              0
         2         0.0438              0
         2         0.0441              0
         2         0.0444              0
         2         0.0447              0
         2          0.045              0
         2         0.0453              0
         2         0.0456              0
         2         0.0459              0
         2         0.0462              0
         2         0.0465              0
         2         0.0468              0
         2         0.0471              0
         2         0.0474              0
         2         0.0477              0
         3         -0.048              0
         3        -0.0477              0
         3        -0.0474              0
         3        -0.0471              0
         3        -0.0468              0
         3        -0.0465              0
         3        -0.0462              0
         3        -0.0459              0
         3        -0.0456              0
         3        -0.0453              0
         3         -0.045              0
         3        -0.0447              0
         3        -0.0444              0
         3        -0.0441              0
         3        -0.0438              0
         3        -0.0435              0
         3        -0.0432              0
         3        -0.0429              0
         3        -0.0426              0
         3        -0.0423              0
         3         -0.042              0
         3        -0.0417              0
         3        -0.0414              0
         3        -0.0411              0
         3        -0.0408              0
         3        -0.0405              0
         3        -0.0402              0
         3        -0.0399              0
         3        -0.0396              0
         3        -0.0393              0
         3         -0.039              0
         3        -0.0387              0
         3        -0.0384              0
         3        -0.0381              0
         3        -0.0378              0
         3        -0.0375              0
         3        -0.0372              0
         3        -0.0369              0
         3        -0.0366              0
         3        -0.0363              0
         3         -0.036              0
         3        -0.0357              0
         3        -0.0354              0
         3        -0.0351              0
         3        -0.0348              0
         3        -0.0345              0
         3        -0.0342              0
         3        -0.0339              0
         3        -0.0336              0
         3        -0.0333              0
         3         -0.033              0
         3        -0.0327              0
         3        -0.0324              0
         3        -0.0321              0
         3        -0.0318              0
         3        -0.0315              0
         3        -0.0312              0
         3        -0.0309              0
         3        -0.0306              0
         3        -0.0303              0
         3          -0.03       -38.6333
         3        -0.0297       -164.076
         3        -0.0294       -290.764
         3        -0.0291       -418.824
         3        -0.0288       -548.411
         3        -0.0285       -679.703
         3        -0.0282       -812.894
         3        -0.0279       -948.187
         3        -0.0276        -1085.8
         3        -0.0273       -1225.96
         3         -0.027       -1368.92
         3        -0.0267       -1514.92
         3        -0.0264       -1664.24
         3        -0.0261       -1817.16
         3        -0.0258       -1973.98
         3        -0.0255       -2135.03
         3        -0.0252       -2300.66
         3        -0.0249       -2471.21
         3        -0.0246       -2647.07
         3        -0.0243       -2828.65
         3         -0.024       -3016.38
         3        -0.0237       -3210.71
         3        -0.0234       -3412.14
         3        -0.0231       -3621.17
         3        -0.0228       -3838.34
         3        -0.0225       -4064.25
         3        -0.0222       -4299.49
         3        -0.0219       -4544.72
         3        -0.0216       -4800.63
         3        -0.0213       -5067.93
         3         -0.021       -5347.39
         3        -0.0207       -5639.77
         3        -0.0204        -5945.9
         3        -0.0201        -6266.6
         3        -0.0198        -6603.1
         3        -0.0195       -6957.02
         3        -0.0192        -7328.9
         3        -0.0189       -7719.62
         3        -0.0186       -8130.19
         3        -0.0183       -8561.65
         3         -0.018        -9015.1
         3        -0.0177       -9491.69
         3        -0.0174       -9992.65
         3        -0.0171       -10519.2
         3        -0.0168       -11072.7
         3        -0.0165       -11654.6
         3        -0.0162       -12266.3
         3        -0.0159       -12909.3
         3        -0.0156       -13585.3
         3        -0.0153         -14296
         3         -0.015       -15043.4
         3        -0.0147       -15829.4
         3        -0.0144       -16656.1
         3        -0.0141       -17526.1
         3        -0.0138       -18441.7
         3        -0.0135       -19405.9
         3        -0.0132       -20421.8
         3        -0.0129       -21492.7
         3        -0.0126       -22622.4
         3        -0.0123       -23815.2
         3         -0.012       -25075.6
         3        -0.0117       -26408.9
         3        -0.0114       -27820.9
         3        -0.0111       -29318.1
         3        -0.0108       -30908.1
         3        -0.0105       -32599.6
         3        -0.0102       -34402.1
         3        -0.0099       -36327.1
         3        -0.0096       -38387.3
         3        -0.0093       -40598.1
         3         -0.009       -42977.4
         3        -0.0087       -45546.4
         3        -0.0084       -48330.6
         3        -0.0081         -51361
         3        -0.0078       -54675.5
         3        -0.0075       -58321.6
         3        -0.0072       -62360.3
         3        -0.0069       -66870.4
         3        -0.0066       -71957.5
         3        -0.0063       -77764.1
         3         -0.006       -84477.6
         3        -0.0057       -92274.6
         3        -0.0054        -100000
         3        -0.0051        -100000
         3        -0.0048        -100000
         3        -0.0045         -99828
         3        -0.0042       -98433.8
         3        -0.0039       -97148.2
         3        -0.0036       -96062.7
         3        -0.0033       -95179.6
         3         -0.003       -94480.1
         3        -0.0027       -93940.5
         3        -0.0024       -93536.3
         3        -0.0021       -93243.7
         3        -0.0018       -93040.4
         3        -0.0015       -92905.8
         3        -0.0012       -92821.5
         3        -0.0009       -92771.3
         3        -0.0006       -92742.7
         3        -0.0003       -92728.1
         3              0       -92724.5
         3         0.0003       -92730.9
         3         0.0006       -92746.9
         3         0.0009       -92777.1
         3         0.0012       -92828.3
         3         0.0015       -92912.9
         3         0.0018       -93047.4
         3         0.0021       -93250.4
         3         0.0024       -93542.5
         3         0.0027       -93945.9
         3          0.003       -94484.4
         3         0.0033       -95182.4
         3         0.0036       -96064.3
         3         0.0039       -97148.8
         3         0.0042       -98433.4
         3         0.0045         -99827
         3         0.0048        -100000
         3         0.0051        -100000
         3         0.0054        -100000
         3         0.0057       -92285.3
         3          0.006       -84484.3
         3         0.0063       -77770.6
         3         0.0066       -71964.2
         3         0.0069       -66877.7
         3         0.0072       -62368.2
         3         0.0075       -58330.4
         3         0.0078       -54685.3
         3         0.0081       -51372.1
         3         0.0084       -48343.2
         3         0.0087       -45560.4
         3          0.009       -42992.9
         3         0.0093       -40615.1
         3         0.0096       -38405.8
         3         0.0099       -36347.1
         3         0.0102       -34423.7
         3         0.0105       -32622.7
         3         0.0108       -30932.8
         3         0.0111       -29344.3
         3         0.0114       -27848.7
         3         0.0117       -26438.5
         3          0.012       -25106.9
         3         0.0123       -23848.2
         3         0.0126       -22657.1
         3         0.0129         -21529
         3         0.0132       -20459.8
         3         0.0135       -19445.6
         3         0.0138       -18483.2
         3         0.0141       -17569.2
         3         0.0144         -16701
         3         0.0147       -15875.8
         3          0.015       -15091.4
         3         0.0153       -14345.4
         3         0.0156         -13636
         3         0.0159       -12961.1
         3         0.0162         -12319
         3         0.0165       -11708.1
         3         0.0168       -11126.8
         3         0.0171       -10573.6
         3         0.0174       -10047.2
         3         0.0177       -9546.18
         3          0.018       -9069.32
         3         0.0183       -8615.41
         3         0.0186       -8183.29
         3         0.0189       -7771.86
         3         0.0192       -7380.07
         3         0.0195       -7006.95
         3         0.0198       -6651.65
         3         0.0201       -6313.64
         3         0.0204       -5991.37
         3         0.0207       -5683.67
         3          0.021        -5389.7
         3         0.0213       -5108.63
         3         0.0216       -4839.69
         3         0.0219       -4582.12
         3         0.0222       -4335.23
         3         0.0225       -4098.32
         3         0.0228       -3870.75
         3         0.0231       -3651.92
         3         0.0234       -3441.26
         3         0.0237       -3238.22
         3          0.024        -3042.3
         3         0.0243          -2853
         3         0.0246       -2669.89
         3         0.0249       -2492.52
         3         0.0252        -2320.5
         3         0.0255       -2153.44
         3         0.0258       -1990.98
         3         0.0261       -1832.78
         3         0.0264       -1678.52
         3         0.0267       -1527.89
         3          0.027       -1380.61
         3         0.0273       -1236.41
         3         0.0276       -1095.03
         3         0.0279       -956.233
         3         0.0282       -819.778
         3         0.0285       -685.448
         3         0.0288       -553.038
         3         0.0291       -422.351
         3         0.0294       -293.209
         3         0.0297       -165.454
         3           0.03       -38.9577
         3         0.0303              0
         3         0.0306              0
         3         0.0309              0
         3         0.0312              0
         3         0.0315              0
         3         0.0318              0
         3         0.0321              0
         3         0.0324              0
         3         0.0327              0
         3          0.033              0
         3         0.0333              0
         3         0.0336              0
         3         0.0339              0
         3         0.0342              0
         3         0.0345              0
         3         0.0348              0
         3         0.0351              0
         3         0.0354              0
         3         0.0357              0
         3          0.036              0
         3         0.0363              0
         3         0.0366              0
         3         0.0369              0
         3         0.0372              0
         3         0.0375              0
         3         0.0378              0
         3         0.0381              0
         3         0.0384              0
         3         0.0387              0
         3          0.039              0
         3         0.0393              0
         3         0.0396              0
         3         0.0399              0
         3         0.0402              0
         3         0.0405              0
         3         0.0408              0
         3         0.0411              0
         3         0.0414              0
         3         0.0417              0
         3          0.042              0
         3         0.0423              0
         3         0.0426              0
         3         0.0429              0
         3         0.0432              0
         3         0.0435              0
         3         0.0438              0
         3         0.0441              0
         3         0.0444              0
         3         0.0447              0
         3          0.045              0
         3         0.0453              0
         3         0.0456              0
         3         0.0459              0
         3         0.0462              0
         3         0.0465              0
         3         0.0468              0
         3         0.0471              0
         3         0.0474              0
         3         0.0477              0
         4         -0.048              0
         4        -0.0477              0
         4        -0.0474              0
         4        -0.0471              0
         4        -0.0468              0
         4        -0.0465              0
         4        -0.0462              0
         4        -0.0459              0
         4        -0.0456              0
         4        -0.0453              0
         4         -0.045              0
         4        -0.0447              0
         4        -0.0444              0
         4        -0.0441              0
         4        -0.0438              0
         4        -0.0435              0
         4        -0.0432              0
         4        -0.0429              0
         4        -0.0426              0
         4        -0.0423              0
         4         -0.042              0
         4        -0.0417              0
         4        -0.0414              0
         4        -0.0411              0
         4        -0.0408              0
         4        -0.0405              0
         4        -0.0402              0
         4        -0.0399              0
         4        -0.0396              0
         4        -0.0393              0
         4         -0.039              0
         4        -0.0387              0
         4        -0.0384              0
         4        -0.0381              0
         4        -0.0378              0
         4        -0.0375              0
         4        -0.0372              0
         4        -0.0369              0
         4        -0.0366              0
         4        -0.0363              0
         4         -0.036              0
         4        -0.0357              0
         4        -0.0354              0
         4        -0.0351              0
         4        -0.0348              0
         4        -0.0345              0
         4        -0.0342              0
         4        -0.0339              0
         4        -0.0336              0
         4        -0.0333              0
         4         -0.033              0
         4        -0.0327              0
         4        -0.0324              0
         4        -0.0321              0
         4        -0.0318              0
         4        -0.0315              0
         4        -0.0312              0
         4        -0.0309              0
         4        -0.0306              0
         4        -0.0303              0
         4          -0.03        -38.291
         4        -0.0297       -162.622
         4        -0.0294       -288.188
         4        -0.0291       -415.113
         4        -0.0288       -543.551
         4        -0.0285        -673.68
         4        -0.0282       -805.689
         4        -0.0279       -939.781
         4        -0.0276       -1076.17
         4        -0.0273       -1215.09
         4         -0.027       -1356.77
         4        -0.0267       -1501.47
         4        -0.0264       -1649.45
         4        -0.0261       -1801.01
         4        -0.0258       -1956.43
         4        -0.0255       -2116.04
         4        -0.0252       -2280.17
         4        -0.0249       -2449.19
         4        -0.0246       -2623.47
         4        -0.0243        -2803.4
         4         -0.024       -2989.44
         4        -0.0237       -3182.02
         4        -0.0234       -3381.63
         4        -0.0231       -3588.78
         4        -0.0228       -3804.02
         4        -0.0225       -4027.91
         4        -0.0222       -4261.09
         4        -0.0219       -4504.18
         4        -0.0216       -4757.89
         4        -0.0213       -5022.93
         4         -0.021       -5300.06
         4        -0.0207       -5590.05
         4        -0.0204       -5893.71
         4        -0.0201       -6211.89
         4        -0.0198       -6545.87
         4        -0.0195       -6897.45
         4        -0.0192       -7267.08
         4        -0.0189        -7655.6
         4        -0.0186          -8064
         4        -0.0183       -8493.32
         4         -0.018       -8944.66
         4        -0.0177       -9419.16
         4        -0.0174       -9918.02
         4        -0.0171       -10442.5
         4        -0.0168         -10994
         4        -0.0165       -11573.8
         4        -0.0162       -12183.4
         4        -0.0159       -12824.4
         4        -0.0156       -13498.4
         4        -0.0153       -14207.1
         4         -0.015       -14952.5
         4        -0.0147       -15736.6
         4        -0.0144       -16561.5
         4        -0.0141       -17429.6
         4        -0.0138       -18343.5
         4        -0.0135       -19306.1
         4        -0.0132       -20320.4
         4        -0.0129       -21389.8
         4        -0.0126       -22518.2
         4        -0.0123       -23709.8
         4         -0.012       -24969.2
         4        -0.0117       -26301.6
         4        -0.0114         -27713
         4        -0.0111       -29209.8
         4        -0.0108       -30799.6
         4        -0.0105       -32491.2
         4        -0.0102       -34294.1
         4        -0.0099       -36219.8
         4        -0.0096       -38281.2
         4        -0.0093       -40493.6
         4         -0.009       -42874.9
         4        -0.0087       -45446.4
         4        -0.0084       -48233.8
         4        -0.0081         -51268
         4        -0.0078       -54587.2
         4        -0.0075       -58238.9
         4        -0.0072       -62284.1
         4        -0.0069       -66802.1
         4        -0.0066       -71898.6
         4        -0.0063       -77716.6
         4         -0.006       -84443.8
         4        -0.0057       -92257.5
         4        -0.0054        -100000
         4        -0.0051        -100000
         4        -0.0048        -100000
         4        -0.0045       -99826.4
         4        -0.0042       -98419.3
         4        -0.0039       -97120.6
         4        -0.0036       -96022.2
         4        -0.0033       -95126.4
         4         -0.003       -94414.2
         4        -0.0027       -93861.8
         4        -0.0024       -93444.4
         4        -0.0021       -93138.1
         4        -0.0018       -92920.4
         4        -0.0015       -92770.3
         4        -0.0012       -92669.4
         4        -0.0009       -92602.4
         4        -0.0006         -92558
         4        -0.0003       -92531.1
         4              0       -92524.5
         4         0.0003       -92538.2
         4         0.0006       -92567.5
         4         0.0009       -92613.4
         4         0.0012       -92681.6
         4         0.0015       -92782.7
         4         0.0018       -92932.2
         4         0.0021       -93149.1
         4         0.0024       -93454.4
         4         0.0027       -93870.4
         4          0.003       -94420.9
         4         0.0033         -95131
         4         0.0036       -96025.1
         4         0.0039         -97122
         4         0.0042       -98419.3
         4         0.0045       -99825.5
         4         0.0048        -100000
         4         0.0051        -100000
         4         0.0054        -100000
         4         0.0057       -92267.9
         4          0.006       -84450.2
         4         0.0063       -77722.8
         4         0.0066       -71905.2
         4         0.0069       -66809.3
         4         0.0072       -62292.1
         4         0.0075       -58247.9
         4         0.0078       -54597.4
         4         0.0081       -51279.8
         4         0.0084       -48247.2
         4         0.0087       -45461.4
         4          0.009       -42891.5
         4         0.0093       -40511.8
         4         0.0096         -38301
         4         0.0099       -36241.2
         4         0.0102       -34317.1
         4         0.0105       -32515.6
         4         0.0108       -30825.6
         4         0.0111       -29237.2
         4         0.0114       -27741.9
         4         0.0117       -26332.2
         4          0.012       -25001.4
         4         0.0123       -23743.5
         4         0.0126       -22553.5
         4         0.0129       -21426.6
         4         0.0132       -20358.8
         4         0.0135       -19346.2
         4         0.0138       -18385.3
         4         0.0141       -17473.1
         4         0.0144       -16606.6
         4         0.0147       -15783.3
         4          0.015       -15000.7
         4         0.0153       -14256.7
         4         0.0156       -13549.2
         4         0.0159       -12876.3
         4         0.0162       -12236.2
         4         0.0165       -11627.3
         4         0.0168       -11048.1
         4         0.0171         -10497
         4         0.0174       -9972.59
         4         0.0177       -9473.65
         4          0.018       -8998.86
         4         0.0183       -8547.03
         4         0.0186          -8117
         4         0.0189       -7707.69
         4         0.0192       -7318.05
         4         0.0195       -6947.14
         4         0.0198       -6594.14
         4         0.0201       -6258.66
         4         0.0204       -5938.95
         4         0.0207       -5633.73
         4          0.021       -5342.18
         4         0.0213       -5063.47
         4         0.0216       -4796.82
         4         0.0219       -4541.48
         4         0.0222       -4296.74
         4         0.0225       -4061.91
         4         0.0228       -3836.36
         4         0.0231       -3619.47
         4         0.0234       -3410.69
         4         0.0237       -3209.47
         4          0.024       -3015.31
         4         0.0243       -2827.72
         4         0.0246       -2646.25
         4         0.0249       -2470.47
         4         0.0252       -2299.99
         4         0.0255       -2134.43
         4         0.0258       -1973.41
         4         0.0261       -1816.62
         4         0.0264       -1663.73
         4         0.0267       -1514.43
         4          0.027       -1368.46
         4         0.0273       -1225.53
         4         0.0276        -1085.4
         4         0.0279       -947.822
         4         0.0282       -812.568
         4         0.0285       -679.421
         4         0.0288       -548.175
         4         0.0291       -418.638
         4         0.0294       -290.631
         4         0.0297       -163.999
         4           0.03       -38.6153
         4         0.0303              0
         4         0.0306              0
         4         0.0309              0
         4         0.0312              0
         4         0.0315              0
         4         0.0318              0
         4         0.0321              0
         4         0.0324              0
         4         0.0327              0
         4          0.033              0
         4         0.0333              0
         4         0.0336              0
         4         0.0339              0
         4         0.0342              0
         4         0.0345              0
         4         0.0348              0
         4         0.0351              0
         4         0.0354              0
         4         0.0357              0
         4          0.036              0
         4         0.0363              0
         4         0.0366              0
         4         0.0369              0
         4         0.0372              0
         4         0.0375              0
         4         0.0378              0
         4         0.0381              0
         4         0.0384              0
         4         0.0387              0
         4          0.039              0
         4         0.0393              0
         4         0.0396              0
         4         0.0399              0
         4         0.0402              0
         4         0.0405              0
         4         0.0408              0
         4         0.0411              0
         4         0.0414              0
         4         0.0417              0
         4          0.042              0
         4         0.0423              0
         4         0.0426              0
         4         0.0429              0
         4         0.0432              0
         4         0.0435              0
         4         0.0438              0
         4         0.0441              0
         4         0.0444              0
         4         0.0447              0
         4          0.045              0
         4         0.0453              0
         4         0.0456              0
         4         0.0459              0
         4         0.0462              0
         4         0.0465              0
         4         0.0468              0
         4         0.0471              0
         4         0.0474              0
         4         0.0477              0
         5         -0.048              0
         5        -0.0477              0
         5        -0.0474              0
         5        -0.0471              0
         5        -0.0468              0
         5        -0.0465              0
         5        -0.0462              0
         5        -0.0459              0
         5        -0.0456              0
         5        -0.0453              0
         5         -0.045              0
         5        -0.0447              0
         5        -0.0444              0
         5        -0.0441              0
         5        -0.0438              0
         5        -0.0435              0
         5        -0.0432              0
         5        -0.0429              0
         5        -0.0426              0
         5        -0.0423              0
         5         -0.042              0
         5        -0.0417              0
         5        -0.0414              0
         5        -0.0411              0
         5        -0.0408              0
         5        -0.0405              0
         5        -0.0402              0
         5        -0.0399              0
         5        -0.0396              0
         5        -0.0393              0
         5         -0.039              0
         5        -0.0387              0
         5        -0.0384              0
         5        -0.0381              0
         5        -0.0378              0
         5        -0.0375              0
         5        -0.0372              0
         5        -0.0369              0
         5        -0.0366              0
         5        -0.0363              0
         5         -0.036              0
         5        -0.0357              0
         5        -0.0354              0
         5        -0.0351              0
         5        -0.0348              0
         5        -0.0345              0
         5        -0.0342              0
         5        -0.0339              0
         5        -0.0336              0
         5        -0.0333              0
         5         -0.033              0
         5        -0.0327              0
         5        -0.0324              0
         5        -0.0321              0
         5        -0.0318              0
         5        -0.0315              0
         5        -0.0312              0
         5        -0.0309              0
         5        -0.0306              0
         5        -0.0303              0
         5          -0.03       -38.0262
         5        -0.0297       -161.497
         5        -0.0294       -286.195
         5        -0.0291       -412.244
         5        -0.0288       -539.797
         5        -0.0285       -669.029
         5        -0.0282        -800.13
         5        -0.0279       -933.302
         5        -0.0276       -1068.76
         5        -0.0273       -1206.72
         5         -0.027       -1347.44
         5        -0.0267       -1491.15
         5        -0.0264       -1638.13
         5        -0.0261       -1788.66
         5        -0.0258       -1943.03
         5        -0.0255       -2101.56
         5        -0.0252       -2264.58
         5        -0.0249       -2432.45
         5        -0.0246       -2605.56
         5        -0.0243       -2784.29
         5         -0.024       -2969.07
         5        -0.0237       -3160.36
         5        -0.0234       -3358.63
         5        -0.0231        -3564.4
         5        -0.0228        -3778.2
         5        -0.0225       -4000.61
         5        -0.0222       -4232.24
         5        -0.0219       -4473.74
         5        -0.0216        -4725.8
         5        -0.0213       -4989.13
         5         -0.021        -5264.5
         5        -0.0207       -5552.67
         5        -0.0204       -5854.46
         5        -0.0201       -6170.69
         5        -0.0198       -6502.74
         5        -0.0195       -6852.54
         5        -0.0192       -7220.44
         5        -0.0189       -7607.27
         5        -0.0186       -8013.99
         5        -0.0183       -8441.64
         5         -0.018       -8891.32
         5        -0.0177       -9364.17
         5        -0.0174       -9861.39
         5        -0.0171       -10384.2
         5        -0.0168         -10934
         5        -0.0165       -11512.2
         5        -0.0162       -12120.2
         5        -0.0159       -12759.6
         5        -0.0156         -13432
         5        -0.0153       -14139.2
         5         -0.015         -14883
         5        -0.0147       -15665.5
         5        -0.0144       -16488.9
         5        -0.0141       -17355.6
         5        -0.0138       -18268.1
         5        -0.0135       -19229.3
         5        -0.0132       -20242.3
         5        -0.0129       -21310.5
         5        -0.0126       -22437.8
         5        -0.0123       -23628.4
         5         -0.012         -24887
         5        -0.0117       -26218.8
         5        -0.0114       -27629.5
         5        -0.0111         -29126
         5        -0.0108       -30715.7
         5        -0.0105       -32407.3
         5        -0.0102       -34210.5
         5        -0.0099       -36136.7
         5        -0.0096         -38199
         5        -0.0093       -40412.5
         5         -0.009       -42795.3
         5        -0.0087       -45368.8
         5        -0.0084       -48158.6
         5        -0.0081       -51195.8
         5        -0.0078       -54518.5
         5        -0.0075       -58174.5
         5        -0.0072       -62224.9
         5        -0.0069         -66749
         5        -0.0066       -71852.8
         5        -0.0063       -77679.6
         5         -0.006       -84417.5
         5        -0.0057       -92244.2
         5        -0.0054        -100000
         5        -0.0051        -100000
         5        -0.0048        -100000
         5        -0.0045       -99825.1
         5        -0.0042       -98407.2
         5        -0.0039       -97097.6
         5        -0.0036       -95988.3
         5        -0.0033       -95081.7
         5         -0.003       -94358.6
         5        -0.0027       -93795.1
         5        -0.0024       -93366.1
         5        -0.0021       -93047.5
         5        -0.0018       -92816.6
         5        -0.0015       -92652.5
         5        -0.0012       -92536.7
         5        -0.0009       -92454.1
         5        -0.0006       -92393.9
         5        -0.0003       -92354.2
         5              0       -92343.4
         5         0.0003       -92364.7
         5         0.0006       -92408.5
         5         0.0009       -92470.4
         5         0.0012       -92553.7
         5         0.0015       -92669.2
         5         0.0018       -92832.7
         5         0.0021       -93062.4
         5         0.0024       -93379.5
         5         0.0027       -93806.5
         5          0.003       -94367.6
         5         0.0033         -95088
         5         0.0036       -95992.5
         5         0.0039       -97099.8
         5         0.0042       -98407.7
         5         0.0045       -99824.2
         5         0.0048        -100000
         5         0.0051        -100000
         5         0.0054        -100000
         5         0.0057       -92254.5
         5          0.006       -84423.7
         5         0.0063       -77685.6
         5         0.0066       -71859.2
         5         0.0069       -66756.1
         5         0.0072       -62232.9
         5         0.0075       -58183.6
         5         0.0078       -54528.9
         5         0.0081       -51207.8
         5         0.0084       -48172.3
         5         0.0087       -45384.2
         5          0.009       -42812.4
         5         0.0093       -40431.2
         5         0.0096       -38219.3
         5         0.0099       -36158.6
         5         0.0102       -34233.9
         5         0.0105       -32432.1
         5         0.0108         -30742
         5         0.0111       -29153.7
         5         0.0114       -27658.7
         5         0.0117       -26249.5
         5          0.012       -24919.3
         5         0.0123       -23662.1
         5         0.0126         -22473
         5         0.0129       -21347.1
         5         0.0132       -20280.3
         5         0.0135       -19268.9
         5         0.0138       -18309.3
         5         0.0141       -17398.4
         5         0.0144       -16533.3
         5         0.0147       -15711.5
         5          0.015       -14930.4
         5         0.0153       -14187.9
         5         0.0156         -13482
         5         0.0159       -12810.7
         5         0.0162       -12172.2
         5         0.0165       -11564.9
         5         0.0168       -10987.3
         5         0.0171       -10437.8
         5         0.0174       -9915.05
         5         0.0177       -9417.74
         5          0.018        -8944.6
         5         0.0183       -8494.41
         5         0.0186       -8066.04
         5         0.0189       -7658.39
         5         0.0192       -7270.44
         5         0.0195       -6901.24
         5         0.0198       -6550.02
         5         0.0201       -6216.46
         5         0.0204       -5898.69
         5         0.0207       -5595.37
         5          0.021       -5305.66
         5         0.0213       -5028.75
         5         0.0216       -4763.84
         5         0.0219       -4510.18
         5         0.0222       -4267.08
         5         0.0225       -4033.83
         5         0.0228       -3809.81
         5         0.0231        -3594.4
         5         0.0234       -3387.05
         5         0.0237       -3187.21
         5          0.024       -2994.38
         5         0.0243       -2808.08
         5         0.0246       -2627.86
         5         0.0249       -2453.29
         5         0.0252       -2283.98
         5         0.0255       -2119.55
         5         0.0258       -1959.65
         5         0.0261       -1803.93
         5         0.0264        -1652.1
         5         0.0267       -1503.84
         5          0.027       -1358.87
         5         0.0273       -1216.94
         5         0.0276       -1077.78
         5         0.0279       -941.159
         5         0.0282       -806.851
         5         0.0285       -674.636
         5         0.0288       -544.312
         5         0.0291       -415.686
         5         0.0294       -288.582
         5         0.0297       -162.842
         5           0.03       -38.3429
         5         0.0303              0
         5         0.0306              0
         5         0.0309              0
         5         0.0312              0
         5         0.0315              0
         5         0.0318              0
         5         0.0321              0
         5         0.0324              0
         5         0.0327              0
         5          0.033              0
         5         0.0333              0
         5         0.0336              0
         5         0.0339              0
         5         0.0342              0
         5         0.0345              0
         5         0.0348              0
         5         0.0351              0
         5         0.0354              0
         5         0.0357              0
         5          0.036              0
         5         0.0363              0
         5         0.0366              0
         5         0.0369              0
         5         0.0372              0
         5         0.0375              0
         5         0.0378              0
         5         0.0381              0
         5         0.0384              0
         5         0.0387              0
         5          0.039              0
         5         0.0393              0
         5         0.0396              0
         5         0.0399              0
         5         0.0402              0
         5         0.0405              0
         5         0.0408              0
         5         0.0411              0
         5         0.0414              0
         5         0.0417              0
         5          0.042              0
         5         0.0423              0
         5         0.0426              0
         5         0.0429              0
         5         0.0432              0
         5         0.0435              0
         5         0.0438              0
         5         0.0441              0
         5         0.0444              0
         5         0.0447              0
         5          0.045              0
         5         0.0453              0
         5         0.0456              0
         5         0.0459              0
         5         0.0462              0
         5         0.0465              0
         5         0.0468              0
         5         0.0471              0
         5         0.0474              0
         5         0.0477              0
