# iteration    r (m)    potential (V)
         1         -0.048              0
         1        -0.0477              0
         1        -0.0474              0
         1        -0.0471              0
         1        -0.0468              0
         1        -0.0465              0
         1        -0.0462              0
         1        -0.0459              0
         1        -0.0456              0
         1        -0.0453              0
         1         -0.045              0
         1        -0.0447              0
         1        -0.0444              0
         1        -0.0441              0
         1        -0.0438              0
         1        -0.0435              0
         1        -0.0432              0
         1        -0.0429              0
         1        -0.0426              0
         1        -0.0423              0
         1         -0.042              0
         1        -0.0417              0
         1        -0.0414              0
         1        -0.0411              0
         1        -0.0408              0
         1        -0.0405              0
         1        -0.0402              0
         1        -0.0399              0
         1        -0.0396              0
         1        -0.0393              0
         1         -0.039              0
         1        -0.0387              0
         1        -0.0384              0
         1        -0.0381              0
         1        -0.0378              0
         1        -0.0375              0
         1        -0.0372              0
         1        -0.0369              0
         1        -0.0366              0
         1        -0.0363              0
         1         -0.036              0
         1        -0.0357              0
         1        -0.0354              0
         1        -0.0351              0
         1        -0.0348              0
         1        -0.0345              0
         1        -0.0342              0
         1        -0.0339              0
         1        -0.0336              0
         1        -0.0333              0
         1         -0.033              0
         1        -0.0327              0
         1        -0.0324              0
         1        -0.0321              0
         1        -0.0318              0
         1        -0.0315              0
         1        -0.0312              0
         1        -0.0309              0
         1        -0.0306              0
         1        -0.0303              0
         1          -0.03         -39.76
         1        -0.0297       -168.861
         1        -0.0294       -299.246
         1        -0.0291       -431.045
         1        -0.0288       -564.419
         1        -0.0285       -699.552
         1        -0.0282       -836.644
         1        -0.0279       -975.904
         1        -0.0276       -1117.56
         1        -0.0273       -1261.84
         1         -0.027          -1409
         1        -0.0267       -1559.31
         1        -0.0264       -1713.03
         1        -0.0261       -1870.45
         1        -0.0258        -2031.9
         1        -0.0255        -2197.7
         1        -0.0252       -2368.18
         1        -0.0249       -2543.73
         1        -0.0246       -2724.72
         1        -0.0243       -2911.57
         1         -0.024       -3104.72
         1        -0.0237       -3304.64
         1        -0.0234        -3511.8
         1        -0.0231       -3726.74
         1        -0.0228       -3950.01
         1        -0.0225       -4182.19
         1        -0.0222       -4423.89
         1        -0.0219       -4675.77
         1        -0.0216        -4938.5
         1        -0.0213       -5212.81
         1         -0.021       -5499.46
         1        -0.0207       -5799.23
         1        -0.0204       -6112.95
         1        -0.0201        -6441.5
         1        -0.0198       -6785.76
         1        -0.0195       -7146.68
         1        -0.0192       -7525.23
         1        -0.0189       -7922.43
         1        -0.0186       -8339.34
         1        -0.0183       -8777.03
         1         -0.018       -9236.64
         1        -0.0177       -9719.34
         1        -0.0174       -10226.4
         1        -0.0171         -10759
         1        -0.0168       -11318.5
         1        -0.0165       -11906.3
         1        -0.0162       -12523.8
         1        -0.0159       -13172.7
         1        -0.0156       -13854.4
         1        -0.0153       -14570.8
         1         -0.015       -15323.7
         1        -0.0147       -16115.1
         1        -0.0144       -16947.1
         1        -0.0141         -17822
         1        -0.0138       -18742.5
         1        -0.0135       -19711.2
         1        -0.0132       -20731.2
         1        -0.0129       -21805.9
         1        -0.0126         -22939
         1        -0.0123       -24134.6
         1         -0.012       -25397.4
         1        -0.0117       -26732.4
         1        -0.0114       -28145.6
         1        -0.0111       -29643.4
         1        -0.0108       -31233.3
         1        -0.0105       -32923.7
         1        -0.0102       -34724.3
         1        -0.0099       -36646.3
         1        -0.0096       -38702.6
         1        -0.0093       -40908.2
         1         -0.009         -43281
         1        -0.0087       -45841.9
         1        -0.0084       -48616.3
         1        -0.0081       -51634.8
         1        -0.0078       -54935.2
         1        -0.0075       -58564.8
         1        -0.0072       -62583.8
         1        -0.0069       -67070.7
         1        -0.0066       -72130.1
         1        -0.0063       -77903.5
         1         -0.006       -84576.5
         1        -0.0057       -92324.5
         1        -0.0054        -100000
         1        -0.0051        -100000
         1        -0.0048        -100000
         1        -0.0045       -99832.2
         1        -0.0042       -98472.6
         1        -0.0039       -97221.7
         1        -0.0036       -96169.6
         1        -0.0033       -95318.8
         1         -0.003       -94650.6
         1        -0.0027       -94141.6
         1        -0.0024       -93767.5
         1        -0.0021       -93504.6
         1        -0.0018       -93330.7
         1        -0.0015       -93224.7
         1        -0.0012       -93167.6
         1        -0.0009       -93142.5
         1        -0.0006       -93135.2
         1        -0.0003       -93135.3
         1              0       -93136.1
         1         0.0003       -93135.3
         1         0.0006       -93135.2
         1         0.0009       -93142.4
         1         0.0012       -93167.5
         1         0.0015       -93224.5
         1         0.0018       -93330.4
         1         0.0021       -93504.2
         1         0.0024         -93767
         1         0.0027         -94141
         1          0.003       -94649.8
         1         0.0033       -95317.8
         1         0.0036       -96168.5
         1         0.0039       -97220.5
         1         0.0042       -98471.4
         1         0.0045       -99831.1
         1         0.0048        -100000
         1         0.0051        -100000
         1         0.0054        -100000
         1         0.0057         -92337
         1          0.006       -84585.8
         1         0.0063       -77912.7
         1         0.0066       -72139.6
         1         0.0069       -67080.6
         1         0.0072       -62594.1
         1         0.0075       -58575.6
         1         0.0078       -54946.6
         1         0.0081       -51646.9
         1         0.0084       -48629.2
         1         0.0087       -45855.8
         1          0.009       -43295.9
         1         0.0093       -40924.4
         1         0.0096         -38720
         1         0.0099       -36665.1
         1         0.0102       -34744.6
         1         0.0105       -32945.5
         1         0.0108       -31256.8
         1         0.0111       -29668.7
         1         0.0114       -28172.7
         1         0.0117       -26761.4
         1          0.012       -25428.3
         1         0.0123       -24167.6
         1         0.0126         -22974
         1         0.0129       -21842.9
         1         0.0132       -20770.2
         1         0.0135       -19752.2
         1         0.0138       -18785.5
         1         0.0141       -17866.9
         1         0.0144       -16993.8
         1         0.0147       -16163.5
         1          0.015       -15373.8
         1         0.0153       -14622.4
         1         0.0156       -13907.3
         1         0.0159       -13226.7
         1         0.0162       -12578.9
         1         0.0165       -11962.1
         1         0.0168       -11374.9
         1         0.0171       -10815.8
         1         0.0174       -10283.4
         1         0.0177       -9776.31
         1          0.018       -9293.38
         1         0.0183       -8833.34
         1         0.0186       -8395.04
         1         0.0189       -7977.34
         1         0.0192       -7579.18
         1         0.0195       -7199.51
         1         0.0198       -6837.34
         1         0.0201        -6491.7
         1         0.0204       -6161.68
         1         0.0207       -5846.39
         1          0.021       -5544.97
         1         0.0213       -5256.62
         1         0.0216       -4980.55
         1         0.0219       -4716.03
         1         0.0222       -4462.35
         1         0.0225       -4218.84
         1         0.0228       -3984.85
         1         0.0231       -3759.77
         1         0.0234       -3543.04
         1         0.0237       -3334.11
         1          0.024       -3132.46
         1         0.0243        -2937.6
         1         0.0246       -2749.08
         1         0.0249       -2566.45
         1         0.0252       -2389.31
         1         0.0255       -2217.27
         1         0.0258       -2049.96
         1         0.0261       -1887.04
         1         0.0264       -1728.18
         1         0.0267       -1573.06
         1          0.027        -1421.4
         1         0.0273       -1272.91
         1         0.0276       -1127.34
         1         0.0279       -984.421
         1         0.0282       -843.927
         1         0.0285       -705.628
         1         0.0288       -569.311
         1         0.0291       -434.773
         1         0.0294        -301.83
         1         0.0297       -170.317
         1           0.03       -40.1027
         1         0.0303              0
         1         0.0306              0
         1         0.0309              0
         1         0.0312              0
         1         0.0315              0
         1         0.0318              0
         1         0.0321              0
         1         0.0324              0
         1         0.0327              0
         1          0.033              0
         1         0.0333              0
         1         0.0336              0
         1         0.0339              0
         1         0.0342              0
         1         0.0345              0
         1         0.0348              0
         1         0.0351              0
         1         0.0354              0
         1         0.0357              0
         1          0.036              0
         1         0.0363              0
         1         0.0366              0
         1         0.0369              0
         1         0.0372              0
         1         0.0375              0
         1         0.0378              0
         1         0.0381              0
         1         0.0384              0
         1         0.0387              0
         1          0.039              0
         1         0.0393              0
         1         0.0396              0
         1         0.0399              0
         1         0.0402              0
         1         0.0405              0
         1         0.0408              0
         1         0.0411              0
         1         0.0414              0
         1         0.0417              0
         1          0.042              0
         1         0.0423              0
         1         0.0426              0
         1         0.0429              0
         1         0.0432              0
         1         0.0435              0
         1         0.0438              0
         1         0.0441              0
         1         0.0444              0
         1         0.0447              0
         1          0.045              0
         1         0.0453              0
         1         0.0456              0
         1         0.0459              0
         1         0.0462              0
         1         0.0465              0
         1         0.0468              0
         1         0.0471              0
         1         0.0474              0
         1         0.0477              0
         2         -0.048              0
         2        -0.0477              0
         2        -0.0474              0
         2        -0.0471              0
         2        -0.0468              0
         2        -0.0465              0
         2        -0.0462              0
         2        -0.0459              0
         2        -0.0456              0
         2        -0.0453              0
         2         -0.045              0
         2        -0.0447              0
         2        -0.0444              0
         2        -0.0441              0
         2        -0.0438              0
         2        -0.0435              0
         2        -0.0432              0
         2        -0.0429              0
         2        -0.0426              0
         2        -0.0423              0
         2         -0.042              0
         2        -0.0417              0
         2        -0.0414              0
         2        -0.0411              0
         2        -0.0408              0
         2        -0.0405              0
         2        -0.0402              0
         2        -0.0399              0
         2        -0.0396              0
         2        -0.0393              0
         2         -0.039              0
         2        -0.0387              0
         2        -0.0384              0
         2        -0.0381              0
         2        -0.0378              0
         2        -0.0375              0
         2        -0.0372              0
         2        -0.0369              0
         2        -0.0366              0
         2        -0.0363              0
         2         -0.036              0
         2        -0.0357              0
         2        -0.0354              0
         2        -0.0351              0
         2        -0.0348              0
         2        -0.0345              0
         2        -0.0342              0
         2        -0.0339              0
         2        -0.0336              0
         2        -0.0333              0
         2         -0.033              0
         2        -0.0327              0
         2        -0.0324              0
         2        -0.0321              0
         2        -0.0318              0
         2        -0.0315              0
         2        -0.0312              0
         2        -0.0309              0
         2        -0.0306              0
         2        -0.0303              0
         2          -0.03       -32.5152
         2        -0.0297       -138.101
         2        -0.0294       -244.767
         2        -0.0291       -352.609
         2        -0.0288       -461.766
         2        -0.0285       -572.398
         2        -0.0282       -684.674
         2        -0.0279       -798.778
         2        -0.0276       -914.902
         2        -0.0273       -1033.25
         2         -0.027       -1154.04
         2        -0.0267       -1277.49
         2        -0.0264       -1403.84
         2        -0.0261       -1533.41
         2        -0.0258       -1666.42
         2        -0.0255        -1803.2
         2        -0.0252       -1944.02
         2        -0.0249       -2089.28
         2        -0.0246       -2239.28
         2        -0.0243        -2394.4
         2         -0.024       -2555.04
         2        -0.0237        -2721.6
         2        -0.0234       -2894.55
         2        -0.0231       -3074.37
         2        -0.0228       -3261.63
         2        -0.0225       -3456.83
         2        -0.0222        -3660.6
         2        -0.0219       -3873.56
         2        -0.0216       -4096.46
         2        -0.0213       -4330.04
         2         -0.021       -4575.02
         2        -0.0207       -4832.17
         2        -0.0204       -5102.21
         2        -0.0201       -5385.86
         2        -0.0198       -5685.81
         2        -0.0195        -6006.6
         2        -0.0192       -6346.97
         2        -0.0189       -6707.24
         2        -0.0186       -7088.18
         2        -0.0183       -7490.67
         2         -0.018       -7915.66
         2        -0.0177       -8364.18
         2        -0.0174       -8837.42
         2        -0.0171       -9336.56
         2        -0.0168       -9862.92
         2        -0.0165       -10417.9
         2        -0.0162         -11003
         2        -0.0159       -11619.9
         2        -0.0156       -12270.1
         2        -0.0153       -12955.6
         2         -0.015       -13678.3
         2        -0.0147       -14440.3
         2        -0.0144       -15243.8
         2        -0.0141       -16091.5
         2        -0.0138       -16986.2
         2        -0.0135       -17930.8
         2        -0.0132       -18928.5
         2        -0.0129         -19983
         2        -0.0126       -21098.4
         2        -0.0123       -22279.3
         2         -0.012       -23530.3
         2        -0.0117       -24856.8
         2        -0.0114       -26264.6
         2        -0.0111       -27760.7
         2        -0.0108       -29353.1
         2        -0.0105         -31051
         2        -0.0102       -32864.2
         2        -0.0099       -34804.2
         2        -0.0096       -36884.5
         2        -0.0093       -39120.8
         2         -0.009         -41532
         2        -0.0087       -44140.3
         2        -0.0084       -46972.4
         2        -0.0081       -50059.9
         2        -0.0078       -53441.8
         2        -0.0075       -57167.4
         2        -0.0072       -61299.4
         2        -0.0069         -65920
         2        -0.0066       -71138.7
         2        -0.0063       -77103.4
         2         -0.006       -84008.6
         2        -0.0057       -92037.9
         2        -0.0054        -100000
         2        -0.0051        -100000
         2        -0.0048        -100000
         2        -0.0045       -99808.7
         2        -0.0042       -98256.3
         2        -0.0039       -96812.6
         2        -0.0036       -95575.7
         2        -0.0033       -94546.9
         2         -0.003       -93706.9
         2        -0.0027         -93032
         2        -0.0024       -92496.1
         2        -0.0021       -92074.7
         2        -0.0018       -91747.4
         2        -0.0015       -91497.1
         2        -0.0012       -91307.6
         2        -0.0009       -91164.5
         2        -0.0006       -91062.3
         2        -0.0003       -90998.6
         2              0         -90979
         2         0.0003       -91007.9
         2         0.0006       -91080.1
         2         0.0009       -91189.6
         2         0.0012       -91337.5
         2         0.0015         -91531
         2         0.0018       -91783.9
         2         0.0021       -92110.5
         2         0.0024       -92530.1
         2         0.0027         -93063
         2          0.003       -93733.1
         2         0.0033       -94566.3
         2         0.0036       -95588.9
         2         0.0039       -96820.8
         2         0.0042       -98259.5
         2         0.0045       -99807.9
         2         0.0048        -100000
         2         0.0051        -100000
         2         0.0054        -100000
         2         0.0057       -92039.6
         2          0.006       -84002.4
         2         0.0063         -77096
         2         0.0066       -71131.6
         2         0.0069       -65914.1
         2         0.0072         -61295
         2         0.0075       -57165.2
         2         0.0078       -53442.7
         2         0.0081       -50064.8
         2         0.0084       -46981.7
         2         0.0087       -44153.9
         2          0.009       -41549.2
         2         0.0093       -39141.1
         2         0.0096       -36907.4
         2         0.0099       -34829.5
         2         0.0102       -32891.4
         2         0.0105       -31079.7
         2         0.0108       -29383.1
         2         0.0111       -27791.6
         2         0.0114       -26296.4
         2         0.0117       -24889.5
         2          0.012       -23563.7
         2         0.0123       -22313.2
         2         0.0126       -21132.4
         2         0.0129       -20016.7
         2         0.0132         -18962
         2         0.0135       -17964.5
         2         0.0138       -17020.5
         2         0.0141       -16126.4
         2         0.0144       -15279.4
         2         0.0147       -14476.7
         2          0.015       -13715.7
         2         0.0153       -12993.9
         2         0.0156       -12309.3
         2         0.0159       -11659.7
         2         0.0162       -11043.3
         2         0.0165       -10458.4
         2         0.0168       -9903.62
         2         0.0171       -9377.27
         2         0.0174       -8877.95
         2         0.0177       -8404.32
         2          0.018       -7955.14
         2         0.0183       -7529.25
         2         0.0186       -7125.58
         2         0.0189       -6743.11
         2         0.0192       -6380.99
         2         0.0195       -6038.63
         2         0.0198       -5715.91
         2         0.0201       -5414.35
         2         0.0204       -5129.33
         2         0.0207       -4858.17
         2          0.021       -4600.08
         2         0.0213       -4354.25
         2         0.0216       -4119.82
         2         0.0219       -3896.02
         2         0.0222       -3682.16
         2         0.0225       -3477.53
         2         0.0228        -3281.5
         2         0.0231       -3093.45
         2         0.0234        -2912.8
         2         0.0237       -2739.05
         2          0.024       -2571.71
         2         0.0243        -2410.3
         2         0.0246       -2254.39
         2         0.0249       -2103.56
         2         0.0252       -1957.49
         2         0.0255        -1815.8
         2         0.0258       -1678.14
         2         0.0261       -1544.23
         2         0.0264       -1413.76
         2         0.0267       -1286.49
         2          0.027       -1162.13
         2         0.0273       -1040.49
         2         0.0276       -921.299
         2         0.0279       -804.351
         2         0.0282       -689.436
         2         0.0285       -576.356
         2         0.0288       -464.937
         2         0.0291       -355.015
         2         0.0294       -246.423
         2         0.0297       -139.028
         2           0.03       -32.7328
         2         0.0303              0
         2         0.0306              0
         2         0.0309              0
         2         0.0312              0
         2         0.0315              0
         2         0.0318              0
         2         0.0321              0
         2         0.0324              0
         2         0.0327              0
         2          0.033              0
         2         0.0333              0
         2         0.0336              0
         2         0.0339              0
         2         0.0342              0
         2         0.0345              0
         2         0.0348              0
         2         0.0351              0
         2         0.0354              0
         2         0.0357              0
         2          0.036              0
         2         0.0363              0
         2         0.0366              0
         2         0.0369              0
         2         0.0372              0
         2         0.0375              0
         2         0.0378              0
         2         0.0381              0
         2         0.0384              0
         2         0.0387              0
         2          0.039              0
         2         0.0393              0
         2         0.0396              0
         2         0.0399              0
         2         0.0402              0
         2         0.0405              0
         2         0.0408              0
         2         0.0411              0
         2         0.0414              0
         2         0.0417              0
         2          0.042              0
         2         0.0423              0
         2         0.0426              0
         2         0.0429              0
         2         0.0432              0
         2         0.0435              0
         2         0.0438              0
         2         0.0441              0
         2         0.0444              0
         2         0.0447              0
         2          0.045              0
         2         0.0453              0
         2         0.0456              0
         2         0.0459              0
         2         0.0462              0
         2         0.0465              0
         2         0.0468              0
         2         0.0471              0
         2         0.0474              0
         2         0.0477              0
         3         -0.048              0
         3        -0.0477              0
         3        -0.0474              0
         3        -0.0471              0
         3        -0.0468              0
         3        -0.0465              0
         3        -0.0462              0
         3        -0.0459              0
         3        -0.0456              0
         3        -0.0453              0
         3         -0.045              0
         3        -0.0447              0
         3        -0.0444              0
         3        -0.0441              0
         3        -0.0438              0
         3        -0.0435              0
         3        -0.0432              0
         3        -0.0429              0
         3        -0.0426              0
         3        -0.0423              0
         3         -0.042              0
         3        -0.0417              0
         3        -0.0414              0
         3        -0.0411              0
         3        -0.0408              0
         3        -0.0405              0
         3        -0.0402              0
         3        -0.0399              0
         3        -0.0396              0
         3        -0.0393              0
         3         -0.039              0
         3        -0.0387              0
         3        -0.0384              0
         3        -0.0381              0
         3        -0.0378              0
         3        -0.0375              0
         3        -0.0372              0
         3        -0.0369              0
         3        -0.0366              0
         3        -0.0363              0
         3         -0.036              0
         3        -0.0357              0
         3        -0.0354              0
         3        -0.0351              0
         3        -0.0348              0
         3        -0.0345              0
         3        -0.0342              0
         3        -0.0339              0
         3        -0.0336              0
         3        -0.0333              0
         3         -0.033              0
         3        -0.0327              0
         3        -0.0324              0
         3        -0.0321              0
         3        -0.0318              0
         3        -0.0315              0
         3        -0.0312              0
         3        -0.0309              0
         3        -0.0306              0
         3        -0.0303              0
         3          -0.03       -24.7012
         3        -0.0297       -104.915
         3        -0.0294       -185.963
         3        -0.0291       -267.932
         3        -0.0288       -350.944
         3        -0.0285       -435.126
         3        -0.0282       -520.616
         3        -0.0279       -607.565
         3        -0.0276       -696.159
         3        -0.0273       -786.661
         3         -0.027       -879.188
         3        -0.0267       -973.991
         3        -0.0264        -1071.3
         3        -0.0261       -1171.28
         3        -0.0258       -1274.23
         3        -0.0255       -1380.34
         3        -0.0252       -1489.88
         3        -0.0249       -1603.18
         3        -0.0246       -1720.51
         3        -0.0243       -1842.17
         3         -0.024       -1968.54
         3        -0.0237       -2099.95
         3        -0.0234        -2236.8
         3        -0.0231       -2379.52
         3        -0.0228       -2528.62
         3        -0.0225       -2684.55
         3        -0.0222       -2847.81
         3        -0.0219          -3019
         3        -0.0216       -3198.87
         3        -0.0213       -3388.13
         3         -0.021       -3587.51
         3        -0.0207       -3797.73
         3        -0.0204       -4019.65
         3        -0.0201        -4254.1
         3        -0.0198       -4505.13
         3        -0.0195       -4780.03
         3        -0.0192       -5075.73
         3        -0.0189       -5391.96
         3        -0.0186       -5729.08
         3        -0.0183       -6088.26
         3         -0.018       -6470.57
         3        -0.0177       -6876.82
         3        -0.0174       -7307.87
         3        -0.0171       -7764.92
         3        -0.0168       -8249.33
         3        -0.0165       -8762.59
         3        -0.0162        -9306.3
         3        -0.0159       -9882.08
         3        -0.0156       -10491.7
         3        -0.0153       -11137.1
         3         -0.015       -11820.4
         3        -0.0147       -12543.8
         3        -0.0144       -13309.8
         3        -0.0141         -14121
         3        -0.0138       -14980.5
         3        -0.0135       -15891.5
         3        -0.0132       -16857.7
         3        -0.0129       -17883.2
         3        -0.0126       -18972.4
         3        -0.0123       -20130.1
         3         -0.012       -21361.4
         3        -0.0117       -22672.1
         3        -0.0114       -24068.4
         3        -0.0111       -25557.8
         3        -0.0108       -27148.8
         3        -0.0105       -28850.7
         3        -0.0102       -30674.4
         3        -0.0099       -32632.1
         3        -0.0096       -34737.9
         3        -0.0093       -37008.1
         3         -0.009       -39462.3
         3        -0.0087       -42123.7
         3        -0.0084       -45020.3
         3        -0.0081       -48185.9
         3        -0.0078       -51661.6
         3        -0.0075       -55499.4
         3        -0.0072       -59765.1
         3        -0.0069       -64544.9
         3        -0.0066       -69953.6
         3        -0.0063       -76146.8
         3         -0.006       -83328.6
         3        -0.0057         -91693
         3        -0.0054        -100000
         3        -0.0051        -100000
         3        -0.0048        -100000
         3        -0.0045       -99776.5
         3        -0.0042       -97959.3
         3        -0.0039       -96245.6
         3        -0.0036       -94744.1
         3        -0.0033       -93456.5
         3         -0.003         -92362
         3        -0.0027       -91434.5
         3        -0.0024       -90643.4
         3        -0.0021       -89960.3
         3        -0.0018         -89363
         3        -0.0015       -88835.9
         3        -0.0012       -88371.4
         3        -0.0009       -87969.6
         3        -0.0006       -87644.7
         3        -0.0003       -87417.4
         3              0       -87344.8
         3         0.0003       -87468.2
         3         0.0006       -87733.2
         3         0.0009         -88097
         3         0.0012       -88526.9
         3         0.0015         -89008
         3         0.0018       -89538.3
         3         0.0021       -90126.7
         3         0.0024       -90793.9
         3         0.0027       -91564.8
         3          0.003       -92471.5
         3         0.0033       -93545.2
         3         0.0036       -94811.5
         3         0.0039       -96291.2
         3         0.0042       -97982.9
         3         0.0045       -99778.1
         3         0.0048        -100000
         3         0.0051        -100000
         3         0.0054        -100000
         3         0.0057       -91705.8
         3          0.006       -83342.3
         3         0.0063       -76166.2
         3         0.0066       -69979.2
         3         0.0069       -64576.6
         3         0.0072       -59802.7
         3         0.0075       -55542.8
         3         0.0078       -51710.8
         3         0.0081       -48240.5
         3         0.0084       -45079.7
         3         0.0087       -42186.8
         3          0.009       -39528.2
         3         0.0093       -37075.9
         3         0.0096       -34806.8
         3         0.0099       -32701.3
         3         0.0102         -30743
         3         0.0105         -28918
         3         0.0108       -27214.3
         3         0.0111       -25621.5
         3         0.0114       -24129.9
         3         0.0117       -22731.1
         3          0.012       -21417.9
         3         0.0123         -20184
         3         0.0126       -19023.7
         3         0.0129       -17931.9
         3         0.0132       -16903.8
         3         0.0135       -15935.4
         3         0.0138       -15022.7
         3         0.0141       -14161.8
         3         0.0144       -13349.3
         3         0.0147         -12582
         3          0.015       -11857.4
         3         0.0153       -11172.8
         3         0.0156       -10526.1
         3         0.0159       -9915.33
         3         0.0162       -9338.65
         3         0.0165       -8794.45
         3         0.0168       -8281.01
         3         0.0171       -7796.61
         3         0.0174       -7339.78
         3         0.0177       -6909.16
         3          0.018       -6503.72
         3         0.0183       -6122.19
         3         0.0186       -5763.26
         3         0.0189       -5425.81
         3         0.0192       -5108.96
         3         0.0195       -4812.32
         3         0.0198        -4536.3
         3         0.0201       -4284.75
         3         0.0204       -4049.63
         3         0.0207       -3826.64
         3          0.021       -3615.22
         3         0.0213       -3414.73
         3         0.0216       -3224.33
         3         0.0219       -3043.33
         3         0.0222       -2871.08
         3         0.0225       -2706.86
         3         0.0228       -2550.06
         3         0.0231       -2400.16
         3         0.0234       -2256.66
         3         0.0237       -2119.03
         3          0.024       -1986.87
         3         0.0243        -1859.8
         3         0.0246       -1737.39
         3         0.0249       -1619.26
         3         0.0252        -1505.1
         3         0.0255       -1394.61
         3         0.0258       -1287.52
         3         0.0261        -1183.6
         3         0.0264       -1082.63
         3         0.0267       -984.387
         3          0.027       -888.686
         3         0.0273       -795.225
         3         0.0276       -703.777
         3         0.0279       -614.166
         3         0.0282        -526.22
         3         0.0285        -439.77
         3         0.0288       -354.663
         3         0.0291       -270.758
         3         0.0294       -187.911
         3         0.0297       -106.008
         3           0.03       -24.9578
         3         0.0303              0
         3         0.0306              0
         3         0.0309              0
         3         0.0312              0
         3         0.0315              0
         3         0.0318              0
         3         0.0321              0
         3         0.0324              0
         3         0.0327              0
         3          0.033              0
         3         0.0333              0
         3         0.0336              0
         3         0.0339              0
         3         0.0342              0
         3         0.0345              0
         3         0.0348              0
         3         0.0351              0
         3         0.0354              0
         3         0.0357              0
         3          0.036              0
         3         0.0363              0
         3         0.0366              0
         3         0.0369              0
         3         0.0372              0
         3         0.0375              0
         3         0.0378              0
         3         0.0381              0
         3         0.0384              0
         3         0.0387              0
         3          0.039              0
         3         0.0393              0
         3         0.0396              0
         3         0.0399              0
         3         0.0402              0
         3         0.0405              0
         3         0.0408              0
         3         0.0411              0
         3         0.0414              0
         3         0.0417              0
         3          0.042              0
         3         0.0423              0
         3         0.0426              0
         3         0.0429              0
         3         0.0432              0
         3         0.0435              0
         3         0.0438              0
         3         0.0441              0
         3         0.0444              0
         3         0.0447              0
         3          0.045              0
         3         0.0453              0
         3         0.0456              0
         3         0.0459              0
         3         0.0462              0
         3         0.0465              0
         3         0.0468              0
         3         0.0471              0
         3         0.0474              0
         3         0.0477              0
         4         -0.048              0
         4        -0.0477              0
         4        -0.0474              0
         4        -0.0471              0
         4        -0.0468              0
         4        -0.0465              0
         4        -0.0462              0
         4        -0.0459              0
         4        -0.0456              0
         4        -0.0453              0
         4         -0.045              0
         4        -0.0447              0
         4        -0.0444              0
         4        -0.0441              0
         4        -0.0438              0
         4        -0.0435              0
         4        -0.0432              0
         4        -0.0429              0
         4        -0.0426              0
         4        -0.0423              0
         4         -0.042              0
         4        -0.0417              0
         4        -0.0414              0
         4        -0.0411              0
         4        -0.0408              0
         4        -0.0405              0
         4        -0.0402              0
         4        -0.0399              0
         4        -0.0396              0
         4        -0.0393              0
         4         -0.039              0
         4        -0.0387              0
         4        -0.0384              0
         4        -0.0381              0
         4        -0.0378              0
         4        -0.0375              0
         4        -0.0372              0
         4        -0.0369              0
         4        -0.0366              0
         4        -0.0363              0
         4         -0.036              0
         4        -0.0357              0
         4        -0.0354              0
         4        -0.0351              0
         4        -0.0348              0
         4        -0.0345              0
         4        -0.0342              0
         4        -0.0339              0
         4        -0.0336              0
         4        -0.0333              0
         4         -0.033              0
         4        -0.0327              0
         4        -0.0324              0
         4        -0.0321              0
         4        -0.0318              0
         4        -0.0315              0
         4        -0.0312              0
         4        -0.0309              0
         4        -0.0306              0
         4        -0.0303              0
         4          -0.03       -21.0664
         4        -0.0297       -89.4814
         4        -0.0294       -158.629
         4        -0.0291       -228.627
         4        -0.0288       -299.578
         4        -0.0285       -371.567
         4        -0.0282       -444.733
         4        -0.0279       -519.198
         4        -0.0276       -595.136
         4        -0.0273       -672.834
         4         -0.027       -752.378
         4        -0.0267       -834.038
         4        -0.0264       -917.967
         4        -0.0261       -1004.31
         4        -0.0258       -1093.31
         4        -0.0255       -1185.19
         4        -0.0252        -1280.2
         4        -0.0249       -1378.65
         4        -0.0246       -1480.78
         4        -0.0243       -1586.84
         4         -0.024       -1697.16
         4        -0.0237       -1812.34
         4        -0.0234       -1932.58
         4        -0.0231       -2058.21
         4        -0.0228       -2189.91
         4        -0.0225        -2328.1
         4        -0.0222       -2473.09
         4        -0.0219       -2625.37
         4        -0.0216       -2785.86
         4        -0.0213       -2955.28
         4         -0.021       -3134.19
         4        -0.0207       -3323.23
         4        -0.0204       -3523.08
         4        -0.0201        -3734.7
         4        -0.0198       -3963.44
         4        -0.0195       -4219.06
         4        -0.0192       -4496.88
         4        -0.0189       -4796.33
         4        -0.0186       -5117.68
         4        -0.0183       -5461.89
         4         -0.018       -5829.82
         4        -0.0177       -6222.29
         4        -0.0174       -6640.48
         4        -0.0171       -7085.74
         4        -0.0168       -7559.62
         4        -0.0165       -8063.64
         4        -0.0162       -8599.33
         4        -0.0159       -9168.18
         4        -0.0156       -9771.79
         4        -0.0153       -10412.1
         4         -0.015         -11091
         4        -0.0147       -11810.8
         4        -0.0144         -12574
         4        -0.0141       -13383.1
         4        -0.0138       -14241.3
         4        -0.0135       -15151.6
         4        -0.0132       -16117.8
         4        -0.0129       -17143.9
         4        -0.0126       -18234.5
         4        -0.0123       -19394.1
         4         -0.012       -20628.1
         4        -0.0117       -21942.4
         4        -0.0114       -23343.6
         4        -0.0111       -24839.3
         4        -0.0108       -26438.4
         4        -0.0105       -28150.2
         4        -0.0102       -29985.3
         4        -0.0099       -31956.1
         4        -0.0096         -34077
         4        -0.0093       -36364.5
         4         -0.009       -38838.7
         4        -0.0087       -41522.8
         4        -0.0084       -44445.2
         4        -0.0081       -47639.9
         4        -0.0078       -51148.9
         4        -0.0075       -55024.5
         4        -0.0072       -59333.2
         4        -0.0069       -64161.8
         4        -0.0066       -69626.6
         4        -0.0063       -75885.1
         4         -0.006         -83144
         4        -0.0057       -91599.9
         4        -0.0054        -100000
         4        -0.0051        -100000
         4        -0.0048        -100000
         4        -0.0045       -99775.7
         4        -0.0042       -97951.4
         4        -0.0039       -96232.2
         4        -0.0036       -94727.9
         4        -0.0033       -93441.5
         4         -0.003       -92352.5
         4        -0.0027       -91435.2
         4        -0.0024       -90659.6
         4        -0.0021       -89997.1
         4        -0.0018         -89425
         4        -0.0015       -88924.7
         4        -0.0012       -88485.2
         4        -0.0009       -88106.7
         4        -0.0006       -87803.6
         4        -0.0003       -87596.3
         4              0       -87526.2
         4         0.0003         -87625
         4         0.0006       -87857.4
         4         0.0009         -88187
         4         0.0012         -88584
         4         0.0015       -89034.3
         4         0.0018       -89537.4
         4         0.0021       -90102.8
         4         0.0024       -90752.3
         4         0.0027       -91511.1
         4          0.003       -92412.3
         4         0.0033       -93487.4
         4         0.0036       -94761.1
         4         0.0039       -96253.3
         4         0.0042       -97961.5
         4         0.0045       -99775.6
         4         0.0048        -100000
         4         0.0051        -100000
         4         0.0054        -100000
         4         0.0057       -91597.2
         4          0.006       -83131.7
         4         0.0063       -75872.7
         4         0.0066       -69617.3
         4         0.0069       -64157.2
         4         0.0072       -59334.2
         4         0.0075         -55032
         4         0.0078         -51163
         4         0.0081       -47660.1
         4         0.0084       -44470.4
         4         0.0087       -41551.7
         4          0.009       -38870.1
         4         0.0093       -36397.3
         4         0.0096       -34110.3
         4         0.0099       -31989.5
         4         0.0102       -30018.2
         4         0.0105       -28182.2
         4         0.0108       -26469.5
         4         0.0111       -24869.5
         4         0.0114       -23372.5
         4         0.0117       -21969.5
         4          0.012       -20653.1
         4         0.0123       -19416.9
         4         0.0126         -18255
         4         0.0129       -17162.3
         4         0.0132         -16134
         4         0.0135       -15165.9
         4         0.0138         -14254
         4         0.0141       -13394.7
         4         0.0144       -12584.4
         4         0.0147       -11820.2
         4          0.015       -11099.8
         4         0.0153       -10420.8
         4         0.0156       -9781.09
         4         0.0159       -9178.46
         4         0.0162       -8610.92
         4         0.0165       -8076.77
         4         0.0168       -7574.26
         4         0.0171       -7101.44
         4         0.0174       -6656.98
         4         0.0177       -6239.67
         4          0.018       -5848.08
         4         0.0183       -5481.09
         4         0.0186       -5137.44
         4         0.0189       -4816.09
         4         0.0192       -4516.26
         4         0.0195        -4237.8
         4         0.0198       -3981.44
         4         0.0201       -3752.27
         4         0.0204       -3540.07
         4         0.0207       -3339.55
         4          0.021       -3150.07
         4         0.0213        -2970.9
         4         0.0216       -2801.13
         4         0.0219       -2640.16
         4         0.0222       -2487.23
         4         0.0225       -2341.77
         4         0.0228       -2203.27
         4         0.0231       -2071.17
         4         0.0234       -1945.02
         4         0.0237       -1824.41
         4          0.024       -1708.87
         4         0.0243       -1597.99
         4         0.0246       -1491.41
         4         0.0249       -1388.75
         4         0.0252       -1289.74
         4         0.0255       -1194.08
         4         0.0258       -1101.54
         4         0.0261       -1011.89
         4         0.0264       -924.966
         4         0.0267       -840.531
         4          0.027       -758.361
         4         0.0273       -678.202
         4         0.0276       -599.858
         4         0.0279       -523.201
         4         0.0282       -448.068
         4         0.0285       -374.293
         4         0.0288       -301.697
         4         0.0291       -230.179
         4         0.0294       -159.703
         4         0.0297       -90.0845
         4           0.03       -21.2097
         4         0.0303              0
         4         0.0306              0
         4         0.0309              0
         4         0.0312              0
         4         0.0315              0
         4         0.0318              0
         4         0.0321              0
         4         0.0324              0
         4         0.0327              0
         4          0.033              0
         4         0.0333              0
         4         0.0336              0
         4         0.0339              0
         4         0.0342              0
         4         0.0345              0
         4         0.0348              0
         4         0.0351              0
         4         0.0354              0
         4         0.0357              0
         4          0.036              0
         4         0.0363              0
         4         0.0366              0
         4         0.0369              0
         4         0.0372              0
         4         0.0375              0
         4         0.0378              0
         4         0.0381              0
         4         0.0384              0
         4         0.0387              0
         4          0.039              0
         4         0.0393              0
         4         0.0396              0
         4         0.0399              0
         4         0.0402              0
         4         0.0405              0
         4         0.0408              0
         4         0.0411              0
         4         0.0414              0
         4         0.0417              0
         4          0.042              0
         4         0.0423              0
         4         0.0426              0
         4         0.0429              0
         4         0.0432              0
         4         0.0435              0
         4         0.0438              0
         4         0.0441              0
         4         0.0444              0
         4         0.0447              0
         4          0.045              0
         4         0.0453              0
         4         0.0456              0
         4         0.0459              0
         4         0.0462              0
         4         0.0465              0
         4         0.0468              0
         4         0.0471              0
         4         0.0474              0
         4         0.0477              0
         5         -0.048              0
         5        -0.0477              0
         5        -0.0474              0
         5        -0.0471              0
         5        -0.0468              0
         5        -0.0465              0
         5        -0.0462              0
         5        -0.0459              0
         5        -0.0456              0
         5        -0.0453              0
         5         -0.045              0
         5        -0.0447              0
         5        -0.0444              0
         5        -0.0441              0
         5        -0.0438              0
         5        -0.0435              0
         5        -0.0432              0
         5        -0.0429              0
         5        -0.0426              0
         5        -0.0423              0
         5         -0.042              0
         5        -0.0417              0
         5        -0.0414              0
         5        -0.0411              0
         5        -0.0408              0
         5        -0.0405              0
         5        -0.0402              0
         5        -0.0399              0
         5        -0.0396              0
         5        -0.0393              0
         5         -0.039              0
         5        -0.0387              0
         5        -0.0384              0
         5        -0.0381              0
         5        -0.0378              0
         5        -0.0375              0
         5        -0.0372              0
         5        -0.0369              0
         5        -0.0366              0
         5        -0.0363              0
         5         -0.036              0
         5        -0.0357              0
         5        -0.0354              0
         5        -0.0351              0
         5        -0.0348              0
         5        -0.0345              0
         5        -0.0342              0
         5        -0.0339              0
         5        -0.0336              0
         5        -0.0333              0
         5         -0.033              0
         5        -0.0327              0
         5        -0.0324              0
         5        -0.0321              0
         5        -0.0318              0
         5        -0.0315              0
         5        -0.0312              0
         5        -0.0309              0
         5        -0.0306              0
         5        -0.0303              0
         5          -0.03       -18.4084
         5        -0.0297       -78.1898
         5        -0.0294       -138.606
         5        -0.0291       -199.757
         5        -0.0288       -261.736
         5        -0.0285       -324.682
         5        -0.0282       -388.714
         5        -0.0279       -453.901
         5        -0.0276        -520.39
         5        -0.0273       -588.405
         5         -0.027       -658.026
         5        -0.0267       -729.461
         5        -0.0264       -802.872
         5        -0.0261       -878.433
         5        -0.0258       -956.351
         5        -0.0255       -1036.83
         5        -0.0252       -1120.16
         5        -0.0249       -1206.75
         5        -0.0246       -1296.78
         5        -0.0243        -1390.3
         5         -0.024       -1487.81
         5        -0.0237       -1589.56
         5        -0.0234       -1695.91
         5        -0.0231       -1807.27
         5        -0.0228       -1924.16
         5        -0.0225       -2046.96
         5        -0.0222       -2175.98
         5        -0.0219       -2311.72
         5        -0.0216       -2454.85
         5        -0.0213       -2606.16
         5         -0.021       -2766.19
         5        -0.0207       -2935.43
         5        -0.0204       -3114.65
         5        -0.0201       -3304.81
         5        -0.0198       -3512.32
         5        -0.0195       -3748.95
         5        -0.0192       -4008.92
         5        -0.0189       -4291.44
         5        -0.0186       -4596.59
         5        -0.0183       -4925.17
         5         -0.018       -5278.09
         5        -0.0177       -5656.17
         5        -0.0174       -6060.56
         5        -0.0171       -6492.64
         5        -0.0168       -6954.11
         5        -0.0165       -7446.57
         5        -0.0162        -7971.5
         5        -0.0159       -8530.41
         5        -0.0156        -9125.2
         5        -0.0153       -9757.98
         5         -0.015       -10430.8
         5        -0.0147       -11145.8
         5        -0.0144       -11905.6
         5        -0.0141       -12713.1
         5        -0.0138       -13571.5
         5        -0.0135       -14484.3
         5        -0.0132       -15454.8
         5        -0.0129       -16486.7
         5        -0.0126       -17584.1
         5        -0.0123       -18751.4
         5         -0.012       -19993.8
         5        -0.0117         -21317
         5        -0.0114       -22727.7
         5        -0.0111       -24233.4
         5        -0.0108         -25843
         5        -0.0105       -27565.8
         5        -0.0102       -29412.7
         5        -0.0099       -31396.3
         5        -0.0096       -33530.9
         5        -0.0093       -35833.4
         5         -0.009       -38323.8
         5        -0.0087       -41025.7
         5        -0.0084       -43967.7
         5        -0.0081       -47184.4
         5        -0.0078         -50718
         5        -0.0075       -54621.7
         5        -0.0072       -58962.8
         5        -0.0069       -63829.5
         5        -0.0066       -69339.6
         5        -0.0063       -75652.4
         5         -0.006       -82977.2
         5        -0.0057         -91514
         5        -0.0054        -100000
         5        -0.0051        -100000
         5        -0.0048        -100000
         5        -0.0045       -99773.7
         5        -0.0042       -97932.7
         5        -0.0039       -96197.8
         5        -0.0036       -94680.4
         5        -0.0033       -93384.2
         5         -0.003       -92290.5
         5        -0.0027       -91375.8
         5        -0.0024       -90611.4
         5        -0.0021       -89970.2
         5        -0.0018       -89429.3
         5        -0.0015       -88969.2
         5        -0.0012       -88579.1
         5        -0.0009       -88252.7
         5        -0.0006       -87995.4
         5        -0.0003       -87820.9
         5              0       -87764.7
         5         0.0003       -87853.3
         5         0.0006       -88052.8
         5         0.0009       -88335.7
         5         0.0012       -88680.8
         5         0.0015       -89081.2
         5         0.0018       -89538.8
         5         0.0021         -90064
         5         0.0024       -90680.9
         5         0.0027       -91424.2
         5          0.003       -92324.3
         5         0.0033       -93406.8
         5         0.0036       -94694.8
         5         0.0039       -96205.5
         5         0.0042       -97935.2
         5         0.0045       -99772.6
         5         0.0048        -100000
         5         0.0051        -100000
         5         0.0054        -100000
         5         0.0057       -91514.2
         5          0.006       -82970.3
         5         0.0063       -75647.2
         5         0.0066       -69338.8
         5         0.0069       -63833.8
         5         0.0072       -58972.5
         5         0.0075         -54637
         5         0.0078       -50738.9
         5         0.0081       -47210.4
         5         0.0084       -43997.8
         5         0.0087       -41058.7
         5          0.009       -38358.4
         5         0.0093       -35868.9
         5         0.0096       -33566.6
         5         0.0099       -31431.9
         5         0.0102       -29447.6
         5         0.0105       -27599.5
         5         0.0108       -25875.4
         5         0.0111       -24264.8
         5         0.0114       -22757.6
         5         0.0117       -21345.2
         5          0.012       -20019.9
         5         0.0123       -18775.4
         5         0.0126       -17605.8
         5         0.0129       -16506.3
         5         0.0132       -15472.2
         5         0.0135       -14499.9
         5         0.0138       -13585.9
         5         0.0141       -12726.5
         5         0.0144       -11918.1
         5         0.0147       -11157.5
         5          0.015       -10442.3
         5         0.0153       -9769.88
         5         0.0156       -9138.04
         5         0.0159       -8544.22
         5         0.0162       -7986.21
         5         0.0165       -7462.25
         5         0.0168       -6970.73
         5         0.0171       -6509.85
         5         0.0174       -6078.06
         5         0.0177       -5674.03
         5          0.018       -5296.34
         5         0.0183       -4943.73
         5         0.0186       -4615.13
         5         0.0189       -4309.48
         5         0.0192       -4025.98
         5         0.0195       -3764.77
         5         0.0198       -3527.17
         5         0.0201       -3318.96
         5         0.0204       -3128.06
         5         0.0207       -2948.22
         5          0.021       -2778.76
         5         0.0213       -2618.84
         5         0.0216       -2467.53
         5         0.0219       -2324.29
         5         0.0222       -2188.43
         5         0.0225       -2059.34
         5         0.0228       -1936.49
         5         0.0231       -1819.51
         5         0.0234       -1707.92
         5         0.0237       -1601.38
         5          0.024       -1499.41
         5         0.0243       -1401.67
         5         0.0246        -1307.8
         5         0.0249        -1217.5
         5         0.0252       -1130.47
         5         0.0255       -1046.44
         5         0.0258       -965.188
         5         0.0261       -886.523
         5         0.0264       -810.258
         5         0.0267       -736.159
         5          0.027       -664.116
         5         0.0273       -593.871
         5         0.0276       -525.211
         5         0.0279       -458.022
         5         0.0282       -392.167
         5         0.0285       -327.517
         5         0.0288       -263.919
         5         0.0291       -201.309
         5         0.0294       -139.651
         5         0.0297       -78.7817
         5           0.03       -18.5492
         5         0.0303              0
         5         0.0306              0
         5         0.0309              0
         5         0.0312              0
         5         0.0315              0
         5         0.0318              0
         5         0.0321              0
         5         0.0324              0
         5         0.0327              0
         5          0.033              0
         5         0.0333              0
         5         0.0336              0
         5         0.0339              0
         5         0.0342              0
         5         0.0345              0
         5         0.0348              0
         5         0.0351              0
         5         0.0354              0
         5         0.0357              0
         5          0.036              0
         5         0.0363              0
         5         0.0366              0
         5         0.0369              0
         5         0.0372              0
         5         0.0375              0
         5         0.0378              0
         5         0.0381              0
         5         0.0384              0
         5         0.0387              0
         5          0.039              0
         5         0.0393              0
         5         0.0396              0
         5         0.0399              0
         5         0.0402              0
         5         0.0405              0
         5         0.0408              0
         5         0.0411              0
         5         0.0414              0
         5         0.0417              0
         5          0.042              0
         5         0.0423              0
         5         0.0426              0
         5         0.0429              0
         5         0.0432              0
         5         0.0435              0
         5         0.0438              0
         5         0.0441              0
         5         0.0444              0
         5         0.0447              0
         5          0.045              0
         5         0.0453              0
         5         0.0456              0
         5         0.0459              0
         5         0.0462              0
         5         0.0465              0
         5         0.0468              0
         5         0.0471              0
         5         0.0474              0
         5         0.0477              0
