# iteration    r (m)    potential (V)
         1        -0.0315       -3691.12
         1        -0.0312       -3692.95
         1        -0.0309       -3698.43
         1        -0.0306       -3707.59
         1        -0.0303       -3720.45
         1          -0.03       -3737.04
         1        -0.0297       -3757.42
         1        -0.0294       -3781.65
         1        -0.0291       -3809.78
         1        -0.0288       -3841.91
         1        -0.0285       -3878.14
         1        -0.0282       -3918.56
         1        -0.0279        -3963.3
         1        -0.0276       -4012.49
         1        -0.0273       -4066.29
         1         -0.027       -4124.86
         1        -0.0267       -4188.38
         1        -0.0264       -4257.05
         1        -0.0261       -4331.09
         1        -0.0258       -4410.73
         1        -0.0255       -4496.23
         1        -0.0252       -4587.87
         1        -0.0249       -4685.95
         1        -0.0246       -4790.81
         1        -0.0243       -4902.78
         1         -0.024       -5022.25
         1        -0.0237       -5149.63
         1        -0.0234       -5285.34
         1        -0.0231       -5429.86
         1        -0.0228       -5583.68
         1        -0.0225       -5747.33
         1        -0.0222       -5921.38
         1        -0.0219       -6106.43
         1        -0.0216        -6303.1
         1        -0.0213       -6512.07
         1         -0.021       -6734.06
         1        -0.0207        -6969.8
         1        -0.0204       -7220.07
         1        -0.0201        -7485.7
         1        -0.0198       -7767.54
         1        -0.0195       -8066.49
         1        -0.0192       -8383.49
         1        -0.0189       -8719.49
         1        -0.0186       -9075.51
         1        -0.0183       -9452.59
         1         -0.018       -9851.83
         1        -0.0177       -10274.3
         1        -0.0174       -10721.3
         1        -0.0171       -11193.9
         1        -0.0168       -11693.4
         1        -0.0165       -12221.2
         1        -0.0162       -12778.6
         1        -0.0159       -13367.1
         1        -0.0156       -13988.2
         1        -0.0153       -14643.6
         1         -0.015       -15334.9
         1        -0.0147       -16064.1
         1        -0.0144       -16833.1
         1        -0.0141       -17644.1
         1        -0.0138       -18499.5
         1        -0.0135       -19401.8
         1        -0.0132       -20353.8
         1        -0.0129       -21358.6
         1        -0.0126       -22419.5
         1        -0.0123       -23540.5
         1         -0.012       -24725.6
         1        -0.0117       -25979.5
         1        -0.0114       -27307.6
         1        -0.0111       -28715.6
         1        -0.0108       -30210.4
         1        -0.0105       -31799.4
         1        -0.0102       -33491.4
         1        -0.0099       -35296.2
         1        -0.0096       -37225.3
         1        -0.0093         -39292
         1         -0.009       -41511.8
         1        -0.0087       -43903.1
         1        -0.0084       -46487.6
         1        -0.0081       -49291.7
         1        -0.0078       -52347.2
         1        -0.0075       -55693.7
         1        -0.0072         -59381
         1        -0.0069       -63472.9
         1        -0.0066       -68053.7
         1        -0.0063       -73238.1
         1         -0.006       -79189.6
         1        -0.0057         -86160
         1        -0.0054       -94600.1
         1        -0.0051        -100000
         1        -0.0048        -100000
         1        -0.0045        -100000
         1        -0.0042       -99778.7
         1        -0.0039         -98323
         1        -0.0036       -97082.2
         1        -0.0033       -96055.8
         1         -0.003       -95230.5
         1        -0.0027       -94585.1
         1        -0.0024       -94095.2
         1        -0.0021       -93736.6
         1        -0.0018       -93485.9
         1        -0.0015       -93320.9
         1        -0.0012       -93220.9
         1        -0.0009       -93167.3
         1        -0.0006       -93143.7
         1        -0.0003       -93136.5
         1              0       -93136.1
         1         0.0003       -93136.4
         1         0.0006         -93136
         1         0.0009       -93137.9
         1         0.0012       -93149.3
         1         0.0015       -93181.3
         1         0.0018       -93248.4
         1         0.0021       -93367.8
         1         0.0024       -93558.9
         1         0.0027       -93842.8
         1          0.003       -94242.2
         1         0.0033       -94780.7
         1         0.0036       -95482.7
         1         0.0039       -96371.7
         1         0.0042         -97467
         1         0.0045       -98777.8
         1         0.0048        -100000
         1         0.0051        -100000
         1         0.0054        -100000
         1         0.0057        -100000
         1          0.006       -91645.8
         1         0.0063       -83748.2
         1         0.0066       -77139.6
         1         0.0069         -71458
         1         0.0072       -66485.8
         1         0.0075       -62076.7
         1         0.0078       -58126.9
         1         0.0081       -54559.3
         1         0.0084       -51314.8
         1         0.0087       -48347.5
         1          0.009       -45620.5
         1         0.0093       -43103.8
         1         0.0096       -40772.7
         1         0.0099       -38606.6
         1         0.0102       -36588.3
         1         0.0105         -34703
         1         0.0108         -32938
         1         0.0111       -31282.4
         1         0.0114       -29726.8
         1         0.0117       -28262.8
         1          0.012       -26883.3
         1         0.0123       -25581.8
         1         0.0126       -24352.6
         1         0.0129       -23190.7
         1         0.0132       -22091.5
         1         0.0135       -21051.1
         1         0.0138       -20065.7
         1         0.0141       -19132.1
         1         0.0144       -18247.3
         1         0.0147       -17408.5
         1          0.015       -16613.4
         1         0.0153       -15859.6
         1         0.0156       -15145.1
         1         0.0159       -14467.7
         1         0.0162       -13825.9
         1         0.0165       -13217.8
         1         0.0168       -12641.9
         1         0.0171       -12096.7
         1         0.0174       -11580.7
         1         0.0177       -11092.5
         1          0.018         -10631
         1         0.0183       -10194.7
         1         0.0186       -9782.61
         1         0.0189       -9393.46
         1         0.0192       -9026.18
         1         0.0195        -8679.7
         1         0.0198       -8352.97
         1         0.0201       -8045.01
         1         0.0204       -7754.86
         1         0.0207       -7481.61
         1          0.021       -7224.36
         1         0.0213       -6982.28
         1         0.0216       -6754.57
         1         0.0219       -6540.45
         1         0.0222       -6339.19
         1         0.0225        -6150.1
         1         0.0228       -5972.53
         1         0.0231       -5805.85
         1         0.0234       -5649.49
         1         0.0237       -5502.88
         1          0.024       -5365.52
         1         0.0243       -5236.93
         1         0.0246       -5116.64
         1         0.0249       -5004.25
         1         0.0252       -4899.37
         1         0.0255       -4801.62
         1         0.0258       -4710.68
         1         0.0261       -4626.23
         1         0.0264       -4547.98
         1         0.0267       -4475.68
         1          0.027       -4409.08
         1         0.0273       -4347.96
         1         0.0276       -4292.13
         1         0.0279       -4241.39
         1         0.0282       -4195.58
         1         0.0285       -4154.56
         1         0.0288        -4118.2
         1         0.0291       -4086.37
         1         0.0294       -4058.99
         1         0.0297       -4035.97
         1           0.03       -4017.22
         1         0.0303        -4002.7
         1         0.0306       -3992.36
         1         0.0309       -3986.17
         1         0.0312       -3984.11
         2        -0.0315       -2841.49
         2        -0.0312       -2842.94
         2        -0.0309       -2847.28
         2        -0.0306       -2854.53
         2        -0.0303       -2864.76
         2          -0.03       -2877.97
         2        -0.0297       -2894.18
         2        -0.0294       -2913.53
         2        -0.0291       -2936.05
         2        -0.0288       -2961.76
         2        -0.0285       -2990.78
         2        -0.0282       -3023.21
         2        -0.0279       -3059.11
         2        -0.0276        -3098.6
         2        -0.0273       -3141.88
         2         -0.027       -3189.06
         2        -0.0267       -3240.25
         2        -0.0264        -3295.7
         2        -0.0261       -3355.56
         2        -0.0258       -3419.96
         2        -0.0255       -3489.12
         2        -0.0252       -3563.33
         2        -0.0249       -3642.85
         2        -0.0246        -3727.9
         2        -0.0243       -3818.86
         2         -0.024       -3916.09
         2        -0.0237       -4019.98
         2        -0.0234       -4130.92
         2        -0.0231       -4249.26
         2        -0.0228       -4375.48
         2        -0.0225       -4510.09
         2        -0.0222       -4653.64
         2        -0.0219       -4806.71
         2        -0.0216       -4969.92
         2        -0.0213       -5144.18
         2         -0.021       -5330.36
         2        -0.0207       -5529.42
         2        -0.0204       -5742.11
         2        -0.0201       -5969.29
         2        -0.0198       -6211.96
         2        -0.0195       -6474.06
         2        -0.0192       -6759.14
         2        -0.0189       -7066.84
         2        -0.0186       -7397.58
         2        -0.0183       -7751.08
         2         -0.018       -8127.81
         2        -0.0177       -8529.07
         2        -0.0174        -8955.4
         2        -0.0171       -9407.39
         2        -0.0168       -9886.19
         2        -0.0165       -10393.2
         2        -0.0162       -10929.7
         2        -0.0159       -11497.2
         2        -0.0156       -12097.3
         2        -0.0153         -12732
         2         -0.015       -13403.4
         2        -0.0147       -14113.2
         2        -0.0144       -14863.4
         2        -0.0141       -15656.5
         2        -0.0138       -16494.8
         2        -0.0135         -17381
         2        -0.0132       -18318.3
         2        -0.0129       -19309.9
         2        -0.0126       -20359.3
         2        -0.0123       -21470.5
         2         -0.012       -22647.8
         2        -0.0117       -23896.4
         2        -0.0114       -25221.7
         2        -0.0111       -26630.1
         2        -0.0108       -28128.9
         2        -0.0105       -29726.6
         2        -0.0102       -31432.8
         2        -0.0099       -33258.5
         2        -0.0096       -35215.8
         2        -0.0093       -37318.1
         2         -0.009       -39580.9
         2        -0.0087       -42022.7
         2        -0.0084         -44666
         2        -0.0081       -47538.4
         2        -0.0078       -50673.5
         2        -0.0075         -54113
         2        -0.0072         -57909
         2        -0.0069       -62128.7
         2        -0.0066       -66860.3
         2        -0.0063       -72223.2
         2         -0.006       -78388.1
         2        -0.0057       -85618.2
         2        -0.0054       -94385.4
         2        -0.0051        -100000
         2        -0.0048        -100000
         2        -0.0045        -100000
         2        -0.0042       -99748.1
         2        -0.0039       -98090.2
         2        -0.0036       -96661.4
         2        -0.0033       -95456.4
         2         -0.003       -94459.6
         2        -0.0027         -93647
         2        -0.0024       -92993.4
         2        -0.0021       -92473.7
         2        -0.0018       -92064.3
         2        -0.0015       -91743.2
         2        -0.0012       -91493.9
         2        -0.0009       -91301.9
         2        -0.0006       -91155.2
         2        -0.0003       -91046.6
         2              0         -90979
         2         0.0003       -90962.2
         2         0.0006         -90995
         2         0.0009       -91077.5
         2         0.0012       -91198.9
         2         0.0015       -91360.5
         2         0.0018       -91570.4
         2         0.0021       -91842.5
         2         0.0024       -92190.5
         2         0.0027       -92633.8
         2          0.003         -93195
         2         0.0033       -93898.4
         2         0.0036         -94769
         2         0.0039       -95831.6
         2         0.0042         -97108
         2         0.0045         -98610
         2         0.0048        -100000
         2         0.0051        -100000
         2         0.0054        -100000
         2         0.0057        -100000
         2          0.006       -91315.3
         2         0.0063       -83115.6
         2         0.0066         -76264
         2         0.0069       -70381.7
         2         0.0072       -65240.7
         2         0.0075       -60688.5
         2         0.0078       -56617.1
         2         0.0081       -52945.8
         2         0.0084       -49612.6
         2         0.0087       -46568.9
         2          0.009       -43776.1
         2         0.0093       -41202.8
         2         0.0096       -38823.1
         2         0.0099       -36615.5
         2         0.0102       -34562.7
         2         0.0105       -32650.1
         2         0.0108       -30864.9
         2         0.0111       -29195.5
         2         0.0114       -27631.6
         2         0.0117       -26163.7
         2          0.012       -24783.9
         2         0.0123         -23485
         2         0.0126       -22261.1
         2         0.0129       -21106.6
         2         0.0132       -20016.7
         2         0.0135       -18987.2
         2         0.0138       -18014.4
         2         0.0141       -17094.6
         2         0.0144       -16224.7
         2         0.0147       -15401.9
         2          0.015       -14623.5
         2         0.0153       -13887.2
         2         0.0156       -13190.7
         2         0.0159       -12532.1
         2         0.0162       -11909.3
         2         0.0165       -11320.5
         2         0.0168         -10764
         2         0.0171         -10238
         2         0.0174       -9741.01
         2         0.0177       -9271.53
         2          0.018       -8828.38
         2         0.0183       -8410.58
         2         0.0186       -8017.46
         2         0.0189       -7648.55
         2         0.0192       -7302.67
         2         0.0195       -6978.61
         2         0.0198       -6676.95
         2         0.0201       -6397.87
         2         0.0204       -6142.64
         2         0.0207       -5905.04
         2          0.021       -5684.14
         2         0.0213          -5479
         2         0.0216       -5287.74
         2         0.0219       -5108.58
         2         0.0222       -4940.82
         2         0.0225       -4784.16
         2         0.0228        -4638.1
         2         0.0231       -4501.73
         2         0.0234       -4373.97
         2         0.0237       -4254.36
         2          0.024       -4142.52
         2         0.0243       -4037.81
         2         0.0246       -3940.15
         2         0.0249        -3849.1
         2         0.0252        -3764.1
         2         0.0255       -3685.08
         2         0.0258       -3611.67
         2         0.0261        -3543.6
         2         0.0264       -3480.61
         2         0.0267       -3422.42
         2          0.027       -3368.92
         2         0.0273       -3319.88
         2         0.0276       -3275.08
         2         0.0279       -3234.41
         2         0.0282       -3197.74
         2         0.0285       -3164.96
         2         0.0288       -3135.91
         2         0.0291       -3110.54
         2         0.0294       -3088.74
         2         0.0297       -3070.45
         2           0.03        -3055.6
         2         0.0303        -3044.1
         2         0.0306       -3035.88
         2         0.0309       -3030.92
         2         0.0312       -3029.29
         3        -0.0315       -1985.11
         3        -0.0312       -1986.28
         3        -0.0309       -1989.81
         3        -0.0306       -1995.73
         3        -0.0303       -2004.12
         3          -0.03       -2014.95
         3        -0.0297       -2028.26
         3        -0.0294       -2044.14
         3        -0.0291       -2062.63
         3        -0.0288       -2083.75
         3        -0.0285        -2107.6
         3        -0.0282       -2134.29
         3        -0.0279       -2163.91
         3        -0.0276       -2196.54
         3        -0.0273       -2232.31
         3         -0.027       -2271.34
         3        -0.0267        -2313.8
         3        -0.0264       -2359.78
         3        -0.0261       -2409.46
         3        -0.0258        -2463.1
         3        -0.0255        -2520.8
         3        -0.0252       -2582.75
         3        -0.0249       -2649.16
         3        -0.0246       -2720.34
         3        -0.0243       -2796.59
         3         -0.024        -2878.2
         3        -0.0237       -2965.62
         3        -0.0234       -3059.13
         3        -0.0231       -3159.13
         3        -0.0228       -3266.05
         3        -0.0225       -3380.34
         3        -0.0222       -3502.55
         3        -0.0219       -3633.22
         3        -0.0216       -3772.94
         3        -0.0213       -3922.58
         3         -0.021       -4082.87
         3        -0.0207       -4254.63
         3        -0.0204       -4438.55
         3        -0.0201       -4635.45
         3        -0.0198       -4846.48
         3        -0.0195       -5077.98
         3        -0.0192       -5335.04
         3        -0.0189       -5615.29
         3        -0.0186       -5918.64
         3        -0.0183       -6244.64
         3         -0.018       -6593.73
         3        -0.0177       -6967.02
         3        -0.0174       -7365.12
         3        -0.0171       -7788.66
         3        -0.0168       -8238.75
         3        -0.0165       -8716.82
         3        -0.0162       -9224.31
         3        -0.0159        -9762.7
         3        -0.0156       -10333.7
         3        -0.0153       -10939.4
         3         -0.015         -11582
         3        -0.0147       -12263.5
         3        -0.0144       -12986.2
         3        -0.0141       -13752.5
         3        -0.0138       -14565.2
         3        -0.0135       -15427.1
         3        -0.0132       -16341.5
         3        -0.0129       -17311.9
         3        -0.0126       -18341.9
         3        -0.0123         -19436
         3         -0.012       -20598.8
         3        -0.0117       -21835.6
         3        -0.0114       -23152.2
         3        -0.0111       -24555.3
         3        -0.0108       -26052.4
         3        -0.0105       -27652.4
         3        -0.0102       -29365.3
         3        -0.0099       -31202.7
         3        -0.0096       -33177.7
         3        -0.0093       -35304.5
         3         -0.009       -37599.5
         3        -0.0087       -40082.3
         3        -0.0084         -42777
         3        -0.0081       -45712.6
         3        -0.0078       -48924.3
         3        -0.0075       -52455.3
         3        -0.0072       -56360.2
         3        -0.0069       -60709.2
         3        -0.0066       -65594.7
         3        -0.0063       -71142.3
         3         -0.006       -77531.1
         3        -0.0057       -85037.4
         3        -0.0054       -94154.4
         3        -0.0051        -100000
         3        -0.0048        -100000
         3        -0.0045        -100000
         3        -0.0042       -99708.1
         3        -0.0039       -97784.3
         3        -0.0036       -96103.6
         3        -0.0033       -94653.9
         3         -0.003       -93415.7
         3        -0.0027       -92360.6
         3        -0.0024       -91457.5
         3        -0.0021       -90677.1
         3        -0.0018       -89992.3
         3        -0.0015       -89382.2
         3        -0.0012       -88835.9
         3        -0.0009       -88347.8
         3        -0.0006       -87924.9
         3        -0.0003       -87577.6
         3              0       -87344.8
         3         0.0003         -87289
         3         0.0006       -87416.6
         3         0.0009       -87695.7
         3         0.0012         -88069
         3         0.0015       -88514.4
         3         0.0018       -89021.1
         3         0.0021       -89586.1
         3         0.0024         -90218
         3         0.0027       -90930.7
         3          0.003       -91747.4
         3         0.0033       -92695.9
         3         0.0036       -93806.7
         3         0.0039       -95110.5
         3         0.0042       -96632.8
         3         0.0045       -98389.4
         3         0.0048        -100000
         3         0.0051        -100000
         3         0.0054        -100000
         3         0.0057        -100000
         3          0.006       -90960.7
         3         0.0063       -82438.2
         3         0.0066       -75329.1
         3         0.0069       -69236.5
         3         0.0072       -63921.5
         3         0.0075         -59224
         3         0.0078       -55030.3
         3         0.0081         -51256
         3         0.0084       -47836.1
         3         0.0087       -44720.2
         3          0.009       -41868.1
         3         0.0093       -39246.9
         3         0.0096       -36829.3
         3         0.0099       -34592.6
         3         0.0102         -32518
         3         0.0105       -30590.1
         3         0.0108       -28795.1
         3         0.0111       -27120.6
         3         0.0114       -25555.7
         3         0.0117       -24090.7
         3          0.012       -22717.3
         3         0.0123         -21428
         3         0.0126       -20216.7
         3         0.0129       -19077.5
         3         0.0132       -18005.1
         3         0.0135       -16995.1
         3         0.0138       -16043.3
         3         0.0141       -15146.2
         3         0.0144       -14300.3
         3         0.0147       -13502.7
         3          0.015       -12750.4
         3         0.0153       -12040.9
         3         0.0156       -11371.7
         3         0.0159       -10740.7
         3         0.0162       -10145.7
         3         0.0165       -9584.84
         3         0.0168       -9056.27
         3         0.0171       -8558.22
         3         0.0174       -8088.91
         3         0.0177       -7646.92
         3          0.018        -7230.9
         3         0.0183       -6839.87
         3         0.0186       -6473.15
         3         0.0189       -6130.25
         3         0.0192       -5810.25
         3         0.0195       -5512.36
         3         0.0198       -5237.51
         3         0.0201       -4986.65
         3         0.0204        -4763.3
         3         0.0207       -4556.92
         3          0.021       -4365.35
         3         0.0213       -4187.53
         3         0.0216       -4022.03
         3         0.0219       -3867.35
         3         0.0222       -3722.93
         3         0.0225       -3588.35
         3         0.0228       -3463.09
         3         0.0231       -3346.34
         3         0.0234       -3237.25
         3         0.0237       -3135.42
         3          0.024       -3040.43
         3         0.0243        -2951.7
         3         0.0246       -2869.05
         3         0.0249       -2792.16
         3         0.0252       -2720.54
         3         0.0255       -2654.05
         3         0.0258       -2592.37
         3         0.0261       -2535.32
         3         0.0264       -2482.64
         3         0.0267       -2434.06
         3          0.027       -2389.46
         3         0.0273       -2348.64
         3         0.0276       -2311.37
         3         0.0279       -2277.59
         3         0.0282       -2247.15
         3         0.0285       -2219.93
         3         0.0288       -2195.82
         3         0.0291       -2174.85
         3         0.0294       -2156.83
         3         0.0297       -2141.72
         3           0.03       -2129.45
         3         0.0303       -2119.97
         3         0.0306       -2113.18
         3         0.0309       -2109.11
         3         0.0312       -2107.81
         4        -0.0315       -1583.46
         4        -0.0312       -1584.51
         4        -0.0309       -1587.72
         4        -0.0306          -1593
         4        -0.0303       -1600.42
         4          -0.03       -1610.15
         4        -0.0297       -1622.17
         4        -0.0294       -1636.56
         4        -0.0291       -1653.25
         4        -0.0288       -1672.22
         4        -0.0285       -1693.66
         4        -0.0282       -1717.67
         4        -0.0279       -1744.22
         4        -0.0276        -1773.5
         4        -0.0273       -1805.59
         4         -0.027       -1840.73
         4        -0.0267       -1878.98
         4        -0.0264       -1920.49
         4        -0.0261       -1965.31
         4        -0.0258       -2013.72
         4        -0.0255       -2065.92
         4        -0.0252       -2122.22
         4        -0.0249       -2182.62
         4        -0.0246       -2247.32
         4        -0.0243       -2316.59
         4         -0.024       -2390.79
         4        -0.0237        -2470.3
         4        -0.0234       -2555.42
         4        -0.0231       -2646.52
         4        -0.0228       -2743.89
         4        -0.0225       -2848.07
         4        -0.0222       -2959.46
         4        -0.0219       -3078.49
         4        -0.0216       -3205.83
         4        -0.0213        -3342.3
         4         -0.021       -3488.45
         4        -0.0207       -3644.97
         4        -0.0204        -3812.7
         4        -0.0201       -3992.47
         4        -0.0198       -4185.25
         4        -0.0195        -4399.3
         4        -0.0192       -4641.12
         4        -0.0189       -4906.99
         4        -0.0186       -5196.59
         4        -0.0183       -5509.59
         4         -0.018       -5846.29
         4        -0.0177       -6207.49
         4        -0.0174       -6594.09
         4        -0.0171       -7006.68
         4        -0.0168       -7446.42
         4        -0.0165       -7914.74
         4        -0.0162          -8413
         4        -0.0159       -8942.74
         4        -0.0156       -9505.69
         4        -0.0153       -10103.8
         4         -0.015       -10739.3
         4        -0.0147       -11414.3
         4        -0.0144       -12131.1
         4        -0.0141       -12892.2
         4        -0.0138       -13700.2
         4        -0.0135       -14558.4
         4        -0.0132       -15470.2
         4        -0.0129       -16439.1
         4        -0.0126         -17469
         4        -0.0123         -18564
         4         -0.012         -19729
         4        -0.0117       -20969.4
         4        -0.0114         -22291
         4        -0.0111       -23700.6
         4        -0.0108       -25205.9
         4        -0.0105       -26815.7
         4        -0.0102       -28540.1
         4        -0.0099       -30390.6
         4        -0.0096       -32380.3
         4        -0.0093         -34524
         4         -0.009       -36838.4
         4        -0.0087       -39343.7
         4        -0.0084       -42063.9
         4        -0.0081       -45028.4
         4        -0.0078       -48273.1
         4        -0.0075       -51842.1
         4        -0.0072       -55790.6
         4        -0.0069       -60189.7
         4        -0.0066       -65133.1
         4        -0.0063       -70748.5
         4         -0.006       -77218.5
         4        -0.0057         -84824
         4        -0.0054       -94068.1
         4        -0.0051        -100000
         4        -0.0048        -100000
         4        -0.0045        -100000
         4        -0.0042       -99704.4
         4        -0.0039       -97755.7
         4        -0.0036       -96054.3
         4        -0.0033       -94589.2
         4         -0.003         -93341
         4        -0.0027       -92282.8
         4        -0.0024       -91384.9
         4        -0.0021       -90617.7
         4        -0.0018       -89954.5
         4        -0.0015       -89373.6
         4        -0.0012       -88860.2
         4        -0.0009         -88407
         4        -0.0006         -88020
         4        -0.0003       -87716.1
         4              0       -87526.2
         4         0.0003       -87481.9
         4         0.0006       -87584.3
         4         0.0009       -87819.3
         4         0.0012       -88155.5
         4         0.0015       -88566.1
         4         0.0018       -89038.7
         4         0.0021       -89572.6
         4         0.0024       -90177.7
         4         0.0027         -90871
         4          0.003       -91676.4
         4         0.0033       -92621.5
         4         0.0036       -93737.3
         4         0.0039       -95052.3
         4         0.0042       -96591.2
         4         0.0045       -98369.5
         4         0.0048        -100000
         4         0.0051        -100000
         4         0.0054        -100000
         4         0.0057        -100000
         4          0.006       -90830.3
         4         0.0063       -82192.7
         4         0.0066       -74992.2
         4         0.0069       -68824.5
         4         0.0072       -63446.2
         4         0.0075       -58694.5
         4         0.0078         -54454
         4         0.0081       -50638.9
         4         0.0084       -47183.6
         4         0.0087       -44036.9
         4          0.009       -41157.9
         4         0.0093         -38513
         4         0.0096       -36074.4
         4         0.0099       -33819.5
         4         0.0102       -31729.2
         4         0.0105       -29787.7
         4         0.0108       -27980.7
         4         0.0111       -26295.7
         4         0.0114       -24721.8
         4         0.0117       -23249.3
         4          0.012       -21869.8
         4         0.0123         -20576
         4         0.0126       -19361.5
         4         0.0129       -18220.2
         4         0.0132         -17147
         4         0.0135       -16137.5
         4         0.0138       -15187.3
         4         0.0141       -14292.9
         4         0.0144       -13450.7
         4         0.0147       -12657.7
         4          0.015       -11910.7
         4         0.0153         -11207
         4         0.0156       -10544.2
         4         0.0159       -9920.05
         4         0.0162       -9332.45
         4         0.0165       -8779.55
         4         0.0168       -8259.54
         4         0.0171       -7770.46
         4         0.0174       -7310.65
         4         0.0177       -6878.79
         4          0.018       -6473.55
         4         0.0183       -6093.85
         4         0.0186        -5738.9
         4         0.0189       -5408.16
         4         0.0192       -5100.95
         4         0.0195       -4817.33
         4         0.0198       -4557.64
         4         0.0201       -4322.72
         4         0.0204       -4117.46
         4         0.0207       -3928.55
         4          0.021       -3753.16
         4         0.0213       -3590.29
         4         0.0216       -3438.69
         4         0.0219        -3297.1
         4         0.0222       -3164.92
         4         0.0225       -3041.71
         4         0.0228       -2927.03
         4         0.0231        -2820.1
         4         0.0234       -2720.16
         4         0.0237       -2626.91
         4          0.024       -2539.95
         4         0.0243       -2458.75
         4         0.0246       -2383.02
         4         0.0249       -2312.65
         4         0.0252       -2247.16
         4         0.0255       -2186.39
         4         0.0258       -2129.99
         4         0.0261       -2077.81
         4         0.0264        -2029.7
         4         0.0267       -1985.51
         4          0.027       -1944.94
         4         0.0273       -1907.84
         4         0.0276       -1873.98
         4         0.0279       -1843.31
         4         0.0282       -1815.66
         4         0.0285       -1790.91
         4         0.0288       -1769.02
         4         0.0291       -1750.07
         4         0.0294       -1733.75
         4         0.0297       -1720.07
         4           0.03       -1708.97
         4         0.0303       -1700.36
         4         0.0306       -1694.21
         4         0.0309       -1690.54
         4         0.0312       -1689.37
         5        -0.0315       -1379.77
         5        -0.0312       -1380.73
         5        -0.0309       -1383.54
         5        -0.0306       -1388.15
         5        -0.0303       -1394.65
         5          -0.03       -1403.14
         5        -0.0297       -1413.62
         5        -0.0294       -1426.16
         5        -0.0291       -1440.71
         5        -0.0288        -1457.3
         5        -0.0285       -1476.03
         5        -0.0282       -1497.07
         5        -0.0279       -1520.36
         5        -0.0276       -1546.06
         5        -0.0273       -1574.21
         5         -0.027       -1605.02
         5        -0.0267       -1638.52
         5        -0.0264       -1674.87
         5        -0.0261       -1714.28
         5        -0.0258       -1756.94
         5        -0.0255       -1802.94
         5        -0.0252       -1852.54
         5        -0.0249       -1905.77
         5        -0.0246        -1962.9
         5        -0.0243       -2024.11
         5         -0.024        -2089.7
         5        -0.0237       -2159.97
         5        -0.0234       -2235.26
         5        -0.0231       -2315.93
         5        -0.0228       -2402.35
         5        -0.0225       -2494.95
         5        -0.0222       -2594.01
         5        -0.0219       -2699.93
         5        -0.0216       -2813.41
         5        -0.0213       -2935.01
         5         -0.021       -3065.23
         5        -0.0207       -3204.74
         5        -0.0204       -3354.16
         5        -0.0201        -3514.3
         5        -0.0198       -3686.48
         5        -0.0195       -3880.34
         5        -0.0192       -4103.52
         5        -0.0189       -4351.35
         5        -0.0186       -4623.03
         5        -0.0183       -4918.24
         5         -0.018       -5237.35
         5        -0.0177       -5581.58
         5        -0.0174       -5951.94
         5        -0.0171       -6349.06
         5        -0.0168          -6774
         5        -0.0165       -7228.18
         5        -0.0162       -7713.16
         5        -0.0159       -8230.72
         5        -0.0156       -8782.63
         5        -0.0153       -9371.06
         5         -0.015       -9998.61
         5        -0.0147       -10667.7
         5        -0.0144       -11380.4
         5        -0.0141       -12139.5
         5        -0.0138       -12948.3
         5        -0.0135       -13809.4
         5        -0.0132       -14725.8
         5        -0.0129       -15701.1
         5        -0.0126       -16738.6
         5        -0.0123       -17842.3
         5         -0.012       -19017.1
         5        -0.0117       -20267.9
         5        -0.0114       -21600.6
         5        -0.0111         -23022
         5        -0.0108       -24539.7
         5        -0.0105       -26162.6
         5        -0.0102       -27900.8
         5        -0.0099       -29765.8
         5        -0.0096       -31770.8
         5        -0.0093       -33930.8
         5         -0.009       -36262.8
         5        -0.0087       -38787.4
         5        -0.0084         -41529
         5        -0.0081       -44516.9
         5        -0.0078       -47787.3
         5        -0.0075       -51384.9
         5        -0.0072       -55365.6
         5        -0.0069       -59801.2
         5        -0.0066       -64786.9
         5        -0.0063       -70452.3
         5         -0.006       -76982.3
         5        -0.0057       -84661.9
         5        -0.0054       -94001.9
         5        -0.0051        -100000
         5        -0.0048        -100000
         5        -0.0045        -100000
         5        -0.0042       -99699.9
         5        -0.0039       -97722.1
         5        -0.0036       -95994.7
         5        -0.0033       -94507.8
         5         -0.003       -93244.9
         5        -0.0027       -92182.6
         5        -0.0024       -91291.9
         5        -0.0021         -90546
         5        -0.0018       -89915.1
         5        -0.0015       -89373.8
         5        -0.0012       -88905.5
         5        -0.0009       -88504.6
         5        -0.0006       -88175.5
         5        -0.0003       -87922.9
         5              0       -87764.7
         5         0.0003       -87728.4
         5         0.0006       -87814.5
         5         0.0009       -88012.1
         5         0.0012       -88293.2
         5         0.0015       -88648.6
         5         0.0018       -89072.5
         5         0.0021       -89563.9
         5         0.0024       -90131.3
         5         0.0027       -90794.8
         5          0.003       -91583.4
         5         0.0033       -92524.6
         5         0.0036       -93646.8
         5         0.0039       -94978.5
         5         0.0042       -96540.4
         5         0.0045       -98345.4
         5         0.0048        -100000
         5         0.0051        -100000
         5         0.0054        -100000
         5         0.0057        -100000
         5          0.006       -90730.7
         5         0.0063         -82006
         5         0.0066       -74736.9
         5         0.0069       -68513.2
         5         0.0072       -63088.1
         5         0.0075       -58296.8
         5         0.0078       -54021.8
         5         0.0081       -50176.3
         5         0.0084       -46693.6
         5         0.0087       -43522.1
         5          0.009       -40620.4
         5         0.0093       -37954.7
         5         0.0096       -35497.3
         5         0.0099       -33224.9
         5         0.0102       -31118.5
         5         0.0105       -29161.5
         5         0.0108       -27339.8
         5         0.0111       -25640.5
         5         0.0114       -24052.8
         5         0.0117       -22567.2
         5          0.012       -21175.3
         5         0.0123       -19869.7
         5         0.0126       -18644.1
         5         0.0129       -17492.8
         5         0.0132       -16410.8
         5         0.0135       -15393.4
         5         0.0138         -14437
         5         0.0141       -13538.2
         5         0.0144       -12693.7
         5         0.0147       -11900.2
         5          0.015         -11155
         5         0.0153       -10455.5
         5         0.0156       -9798.75
         5         0.0159       -9181.96
         5         0.0162       -8602.89
         5         0.0165       -8059.66
         5         0.0168       -7550.38
         5         0.0171       -7073.24
         5         0.0174        -6626.7
         5         0.0177       -6209.25
         5          0.018       -5819.34
         5         0.0183       -5455.91
         5         0.0186       -5118.55
         5         0.0189       -4806.13
         5         0.0192       -4517.65
         5         0.0195       -4252.98
         5         0.0198       -4012.36
         5         0.0201       -3796.79
         5         0.0204       -3612.65
         5         0.0207       -3444.04
         5          0.021       -3287.54
         5         0.0213       -3142.15
         5         0.0216       -3006.76
         5         0.0219       -2880.39
         5         0.0222       -2762.45
         5         0.0225       -2652.44
         5         0.0228       -2549.99
         5         0.0231       -2454.47
         5         0.0234       -2365.29
         5         0.0237       -2282.11
         5          0.024       -2204.64
         5         0.0243       -2132.34
         5         0.0246       -2064.95
         5         0.0249       -2002.32
         5         0.0252       -1944.03
         5         0.0255       -1889.94
         5         0.0258       -1839.81
         5         0.0261       -1793.53
         5         0.0264       -1750.87
         5         0.0267       -1711.71
         5          0.027       -1675.83
         5         0.0273       -1642.95
         5         0.0276       -1613.03
         5         0.0279       -1585.89
         5         0.0282       -1561.42
         5         0.0285       -1539.59
         5         0.0288        -1520.3
         5         0.0291       -1503.58
         5         0.0294       -1489.19
         5         0.0297       -1477.09
         5           0.03       -1467.23
         5         0.0303       -1459.63
         5         0.0306       -1454.28
         5         0.0309       -1451.08
         5         0.0312       -1450.02
