# r (m)    potential (V)    [no-anode geometry, cathode at -10000 V]
        -0.048       -263.364
       -0.0477       -263.446
       -0.0474       -263.689
       -0.0471       -264.096
       -0.0468       -264.666
       -0.0465       -265.399
       -0.0462       -266.294
       -0.0459       -267.354
       -0.0456       -268.577
       -0.0453       -269.965
        -0.045       -271.519
       -0.0447       -273.239
       -0.0444       -275.126
       -0.0441       -277.182
       -0.0438       -279.407
       -0.0435       -281.804
       -0.0432       -284.375
       -0.0429       -287.119
       -0.0426       -290.041
       -0.0423       -293.141
        -0.042       -296.422
       -0.0417       -299.885
       -0.0414       -303.534
       -0.0411        -307.37
       -0.0408       -311.396
       -0.0405       -315.614
       -0.0402       -320.028
       -0.0399       -324.639
       -0.0396       -329.452
       -0.0393       -334.469
        -0.039       -339.694
       -0.0387       -345.131
       -0.0384       -350.782
       -0.0381       -356.653
       -0.0378       -362.746
       -0.0375       -369.066
       -0.0372       -375.617
       -0.0369       -382.403
       -0.0366       -389.429
       -0.0363       -396.699
        -0.036       -404.218
       -0.0357       -411.991
       -0.0354       -420.023
       -0.0351        -428.32
       -0.0348       -436.886
       -0.0345       -445.727
       -0.0342       -454.851
       -0.0339       -464.263
       -0.0336        -473.97
       -0.0333        -483.98
        -0.033       -494.299
       -0.0327       -504.934
       -0.0324       -515.895
       -0.0321        -527.19
       -0.0318       -538.826
       -0.0315       -550.813
       -0.0312       -563.159
       -0.0309       -575.876
       -0.0306       -588.971
       -0.0303       -602.456
         -0.03       -616.341
       -0.0297       -630.637
       -0.0294       -645.357
       -0.0291       -660.512
       -0.0288       -676.114
       -0.0285       -692.178
       -0.0282       -708.716
       -0.0279       -725.745
       -0.0276       -743.278
       -0.0273       -761.331
        -0.027       -779.921
       -0.0267       -799.066
       -0.0264       -818.783
       -0.0261       -839.091
       -0.0258        -860.01
       -0.0255       -881.561
       -0.0252       -903.765
       -0.0249       -926.644
       -0.0246       -950.222
       -0.0243       -974.526
        -0.024        -999.58
       -0.0237       -1025.41
       -0.0234       -1052.05
       -0.0231       -1079.53
       -0.0228       -1107.87
       -0.0225       -1137.13
       -0.0222       -1167.32
       -0.0219       -1198.48
       -0.0216       -1230.67
       -0.0213       -1263.91
        -0.021       -1298.26
       -0.0207       -1333.76
       -0.0204       -1370.46
       -0.0201       -1408.41
       -0.0198       -1447.67
       -0.0195        -1488.3
       -0.0192       -1530.36
       -0.0189       -1573.92
       -0.0186       -1619.06
       -0.0183       -1665.84
        -0.018       -1714.34
       -0.0177       -1764.67
       -0.0174       -1816.91
       -0.0171       -1871.15
       -0.0168       -1927.52
       -0.0165       -1986.11
       -0.0162       -2047.07
       -0.0159       -2110.52
       -0.0156       -2176.62
       -0.0153        -2245.5
        -0.015       -2317.36
       -0.0147       -2392.37
       -0.0144       -2470.73
       -0.0141       -2552.66
       -0.0138       -2638.41
       -0.0135       -2728.24
       -0.0132       -2822.43
       -0.0129       -2921.31
       -0.0126       -3025.23
       -0.0123       -3134.57
        -0.012       -3249.78
       -0.0117       -3371.34
       -0.0114       -3499.78
       -0.0111       -3635.72
       -0.0108       -3779.84
       -0.0105       -3932.93
       -0.0102       -4095.89
       -0.0099       -4269.73
       -0.0096       -4455.64
       -0.0093          -4655
        -0.009       -4869.43
       -0.0087       -5100.86
       -0.0084       -5351.58
       -0.0081       -5624.39
       -0.0078       -5922.71
       -0.0075       -6250.85
       -0.0072       -6614.26
       -0.0069       -7020.06
       -0.0066       -7477.73
       -0.0063       -8000.09
        -0.006       -8603.95
       -0.0057       -9305.22
       -0.0054         -10000
       -0.0051         -10000
       -0.0048         -10000
       -0.0045       -9984.76
       -0.0042       -9861.33
       -0.0039       -9747.76
       -0.0036       -9652.23
       -0.0033       -9574.95
        -0.003       -9514.26
       -0.0027          -9468
       -0.0024          -9434
       -0.0021        -9410.1
       -0.0018       -9394.27
       -0.0015       -9384.63
       -0.0012       -9379.42
       -0.0009       -9377.13
       -0.0006       -9376.46
       -0.0003       -9376.47
             0       -9376.54
        0.0003       -9376.47
        0.0006       -9376.47
        0.0009       -9377.13
        0.0012       -9379.43
        0.0015       -9384.63
        0.0018       -9394.27
        0.0021       -9410.09
        0.0024       -9433.98
        0.0027       -9467.97
         0.003       -9514.21
        0.0033       -9574.89
        0.0036       -9652.15
        0.0039       -9747.66
        0.0042       -9861.23
        0.0045       -9984.67
        0.0048         -10000
        0.0051         -10000
        0.0054         -10000
        0.0057       -9306.26
         0.006       -8604.64
        0.0063        -8000.7
        0.0066       -7478.31
        0.0069        -7020.6
        0.0072       -6614.77
        0.0075       -6251.34
        0.0078       -5923.18
        0.0081       -5624.83
        0.0084       -5352.01
        0.0087       -5101.27
         0.009       -4869.84
        0.0093        -4655.4
        0.0096       -4456.03
        0.0099       -4270.11
        0.0102       -4096.27
        0.0105       -3933.32
        0.0108       -3780.22
        0.0111        -3636.1
        0.0114       -3500.16
        0.0117       -3371.72
         0.012       -3250.17
        0.0123       -3134.97
        0.0126       -3025.63
        0.0129       -2921.72
        0.0132       -2822.84
        0.0135       -2728.66
        0.0138       -2638.84
        0.0141        -2553.1
        0.0144       -2471.17
        0.0147       -2392.82
         0.015       -2317.82
        0.0153       -2245.98
        0.0156        -2177.1
        0.0159       -2111.02
        0.0162       -2047.58
        0.0165       -1986.63
        0.0168       -1928.05
        0.0171       -1871.69
        0.0174       -1817.46
        0.0177       -1765.24
         0.018       -1714.93
        0.0183       -1666.43
        0.0186       -1619.67
        0.0189       -1574.55
        0.0192          -1531
        0.0195       -1488.96
        0.0198       -1448.35
        0.0201        -1409.1
        0.0204       -1371.17
        0.0207       -1334.49
         0.021       -1299.01
        0.0213       -1264.68
        0.0216       -1231.45
        0.0219       -1199.29
        0.0222       -1168.14
        0.0225       -1137.97
        0.0228       -1108.74
        0.0231       -1080.42
        0.0234       -1052.96
        0.0237       -1026.35
         0.024       -1000.54
        0.0243       -975.509
        0.0246        -951.23
        0.0249       -927.677
        0.0252       -904.824
        0.0255       -882.647
        0.0258       -861.123
        0.0261       -840.232
        0.0264       -819.952
        0.0267       -800.264
         0.027        -781.15
        0.0273        -762.59
        0.0276       -744.568
        0.0279       -727.067
        0.0282       -710.072
        0.0285       -693.568
        0.0288        -677.54
        0.0291       -661.973
        0.0294       -646.856
        0.0297       -632.175
          0.03       -617.918
        0.0303       -604.074
        0.0306       -590.631
        0.0309       -577.578
        0.0312       -564.906
        0.0315       -552.605
        0.0318       -540.664
        0.0321       -529.075
        0.0324        -517.83
        0.0327       -506.918
         0.033       -496.333
        0.0333       -486.066
        0.0336        -476.11
        0.0339       -466.457
        0.0342       -457.101
        0.0345       -448.034
        0.0348       -439.251
        0.0351       -430.745
        0.0354       -422.511
        0.0357       -414.543
         0.036       -406.835
        0.0363       -399.382
        0.0366       -392.181
        0.0369       -385.225
        0.0372        -378.51
        0.0375       -372.033
        0.0378       -365.787
        0.0381       -359.771
        0.0384       -353.979
        0.0387       -348.407
         0.039       -343.052
        0.0393       -337.911
        0.0396       -332.979
        0.0399       -328.253
        0.0402       -323.731
        0.0405       -319.409
        0.0408       -315.284
        0.0411       -311.354
        0.0414       -307.616
        0.0417       -304.068
         0.042       -300.707
        0.0423       -297.531
        0.0426       -294.538
        0.0429       -291.726
        0.0432       -289.093
        0.0435       -286.638
        0.0438       -284.358
        0.0441       -282.252
        0.0444        -280.32
        0.0447       -278.559
         0.045       -276.968
        0.0453       -275.547
        0.0456       -274.295
        0.0459       -273.211
        0.0462       -272.294
        0.0465       -271.545
        0.0468       -270.962
        0.0471       -270.546
        0.0474       -270.296
        0.0477       -270.213
