# r (m)    potential (V)
       -0.0315              0
       -0.0312              0
       -0.0309              0
       -0.0306              0
       -0.0303              0
         -0.03              0
       -0.0297       -19.7564
       -0.0294       -60.4381
       -0.0291       -101.625
       -0.0288       -143.175
       -0.0285       -185.021
       -0.0282       -227.108
       -0.0279       -269.383
       -0.0276       -311.788
       -0.0273       -354.255
        -0.027       -396.704
       -0.0267       -439.043
       -0.0264       -481.161
       -0.0261       -522.926
       -0.0258       -564.183
       -0.0255       -604.742
       -0.0252       -644.377
       -0.0249       -682.813
       -0.0246       -719.713
       -0.0243       -754.666
        -0.024       -787.162
       -0.0237       -816.567
       -0.0234       -842.078
       -0.0231       -862.675
       -0.0228       -877.036
       -0.0225       -883.419
       -0.0222       -879.485
       -0.0219        -862.01
       -0.0216       -826.404
       -0.0213       -765.877
        -0.021       -669.868
       -0.0207       -520.877
       -0.0204        -287.48
       -0.0201              0
       -0.0198              0
       -0.0195              0
       -0.0192       -91.4554
       -0.0189        -912.31
       -0.0186       -1545.38
       -0.0183       -2080.73
        -0.018       -2560.09
       -0.0177       -3005.59
       -0.0174       -3430.27
       -0.0171       -3842.54
       -0.0168        -4248.2
       -0.0165       -4651.54
       -0.0162       -5055.87
       -0.0159       -5463.89
       -0.0156        -5877.9
       -0.0153       -6299.92
        -0.015       -6731.81
       -0.0147       -7175.32
       -0.0144       -7632.13
       -0.0141       -8103.93
       -0.0138       -8592.42
       -0.0135       -9099.33
       -0.0132       -9626.49
       -0.0129       -10175.8
       -0.0126       -10749.3
       -0.0123       -11349.3
        -0.012         -11978
       -0.0117       -12638.2
       -0.0114       -13332.7
       -0.0111       -14064.6
       -0.0108       -14837.6
       -0.0105       -15655.7
       -0.0102       -16523.3
       -0.0099       -17445.6
       -0.0096       -18428.4
       -0.0093       -19478.7
        -0.009       -20604.2
       -0.0087       -21814.4
       -0.0084       -23120.2
       -0.0081       -24534.9
       -0.0078       -26074.6
       -0.0075       -27759.2
       -0.0072       -29613.8
       -0.0069       -31670.4
       -0.0066       -33971.3
       -0.0063       -36574.1
        -0.006       -39560.9
       -0.0057       -43057.9
       -0.0054       -47291.6
       -0.0051         -50000
       -0.0048         -50000
       -0.0045         -50000
       -0.0042       -49889.3
       -0.0039       -49160.9
       -0.0036         -48540
       -0.0033       -48026.5
        -0.003       -47613.8
       -0.0027         -47291
       -0.0024       -47046.1
       -0.0021       -46866.9
       -0.0018       -46741.7
       -0.0015       -46659.4
       -0.0012       -46609.6
       -0.0009         -46583
       -0.0006       -46571.4
       -0.0003       -46568.1
             0         -46568
        0.0003       -46568.4
        0.0006       -46568.4
        0.0009       -46569.6
        0.0012       -46575.4
        0.0015       -46591.6
        0.0018       -46625.2
        0.0021         -46685
        0.0024       -46780.6
        0.0027       -46922.6
         0.003       -47122.2
        0.0033       -47391.4
        0.0036       -47742.2
        0.0039       -48186.6
        0.0042         -48734
        0.0045       -49389.1
        0.0048         -50000
        0.0051         -50000
        0.0054         -50000
        0.0057         -50000
         0.006       -45819.1
        0.0063       -41866.2
        0.0066         -38558
        0.0069       -35713.1
        0.0072       -33222.5
        0.0075         -31013
        0.0078       -29032.6
        0.0081       -27242.7
        0.0084       -25613.6
        0.0087       -24122.3
         0.009       -22750.1
        0.0093       -21482.1
        0.0096       -20305.7
        0.0099       -19210.6
        0.0102       -18187.9
        0.0105       -17230.1
        0.0108       -16330.8
        0.0111       -15484.4
        0.0114       -14685.8
        0.0117       -13930.8
         0.012       -13215.6
        0.0123       -12536.6
        0.0126       -11890.9
        0.0129       -11275.6
        0.0132       -10688.1
        0.0135       -10126.1
        0.0138       -9587.53
        0.0141       -9070.24
        0.0144       -8572.37
        0.0147       -8092.08
         0.015       -7627.62
        0.0153       -7177.24
        0.0156       -6739.21
        0.0159       -6311.75
        0.0162       -5893.01
        0.0165       -5480.96
        0.0168       -5073.38
        0.0171        -4667.7
        0.0174       -4260.81
        0.0177       -3848.85
         0.018       -3426.72
        0.0183       -2987.35
        0.0186        -2520.3
        0.0189          -2009
        0.0192       -1424.58
        0.0195       -710.773
        0.0198              0
        0.0201              0
        0.0204              0
        0.0207       -68.4667
         0.021       -479.075
        0.0213       -745.346
        0.0216       -926.829
        0.0219       -1054.18
        0.0222       -1144.76
        0.0225       -1209.17
        0.0228       -1254.34
        0.0231       -1284.98
        0.0234       -1304.45
        0.0237       -1315.19
         0.024       -1319.04
        0.0243       -1317.41
        0.0246        -1311.4
        0.0249       -1301.86
        0.0252       -1289.49
        0.0255       -1274.85
        0.0258       -1258.38
        0.0261       -1240.46
        0.0264        -1221.4
        0.0267       -1201.45
         0.027       -1180.81
        0.0273       -1159.68
        0.0276       -1138.18
        0.0279       -1116.46
        0.0282       -1094.62
        0.0285       -1072.74
        0.0288        -1050.9
        0.0291       -1029.16
        0.0294       -1007.57
        0.0297       -986.192
          0.03       -965.049
        0.0303       -944.178
        0.0306       -923.603
        0.0309        -903.35
        0.0312       -883.435
        0.0315       -863.874
        0.0318       -844.681
        0.0321       -825.864
        0.0324       -807.432
        0.0327       -789.392
         0.033       -771.748
        0.0333       -754.504
        0.0336       -737.662
        0.0339       -721.224
        0.0342        -705.19
        0.0345        -689.56
        0.0348       -674.333
        0.0351       -659.509
        0.0354       -645.086
        0.0357       -631.061
         0.036       -617.433
        0.0363       -604.198
        0.0366       -591.355
        0.0369       -578.901
        0.0372       -566.832
        0.0375       -555.146
        0.0378       -543.839
        0.0381       -532.909
        0.0384       -522.352
        0.0387       -512.165
         0.039       -502.345
        0.0393        -492.89
        0.0396       -483.795
        0.0399       -475.058
        0.0402       -466.676
        0.0405       -458.647
        0.0408       -450.967
        0.0411       -443.634
        0.0414       -436.645
        0.0417       -429.998
         0.042        -423.69
        0.0423        -417.72
        0.0426       -412.084
        0.0429       -406.782
        0.0432       -401.811
        0.0435       -397.168
        0.0438       -392.854
        0.0441       -388.865
        0.0444       -385.201
        0.0447        -381.86
         0.045       -378.841
        0.0453       -376.142
        0.0456       -373.763
        0.0459       -371.703
        0.0462       -369.961
        0.0465       -368.537
        0.0468        -367.43
        0.0471       -366.639
        0.0474       -366.164
        0.0477       -366.005
