# r (m)    potential (V)    [no-anode geometry, cathode at -10000 V]
        -0.048       -82.6837
       -0.0477       -82.7141
       -0.0474       -82.8058
       -0.0471       -82.9592
       -0.0468       -83.1749
       -0.0465       -83.4535
       -0.0462       -83.7957
       -0.0459       -84.2022
       -0.0456       -84.6733
       -0.0453       -85.2095
        -0.045       -85.8107
       -0.0447       -86.4771
       -0.0444       -87.2087
       -0.0441       -88.0056
       -0.0438       -88.8683
       -0.0435       -89.7972
       -0.0432       -90.7934
       -0.0429        -91.858
       -0.0426       -92.9923
       -0.0423       -94.1977
        -0.042       -95.4756
       -0.0417       -96.8274
       -0.0414       -98.2543
       -0.0411       -99.7575
       -0.0408       -101.338
       -0.0405       -102.997
       -0.0402       -104.734
       -0.0399       -106.553
       -0.0396       -108.453
       -0.0393       -110.438
        -0.039       -112.508
       -0.0387       -114.666
       -0.0384       -116.916
       -0.0381       -119.259
       -0.0378       -121.698
       -0.0375       -124.236
       -0.0372       -126.875
       -0.0369       -129.619
       -0.0366        -132.47
       -0.0363        -135.43
        -0.036       -138.503
       -0.0357       -141.692
       -0.0354           -145
       -0.0351        -148.43
       -0.0348       -151.989
       -0.0345        -155.68
       -0.0342       -159.507
       -0.0339       -163.478
       -0.0336       -167.596
       -0.0333       -171.868
        -0.033       -176.299
       -0.0327       -180.895
       -0.0324       -185.664
       -0.0321        -190.61
       -0.0318       -195.742
       -0.0315       -201.067
       -0.0312       -206.594
       -0.0309       -212.332
       -0.0306       -218.291
       -0.0303       -224.482
         -0.03       -230.917
       -0.0297       -237.608
       -0.0294       -244.567
       -0.0291       -251.808
       -0.0288       -259.345
       -0.0285       -267.194
       -0.0282       -275.369
       -0.0279       -283.889
       -0.0276       -292.771
       -0.0273       -302.035
        -0.027       -311.702
       -0.0267       -321.795
       -0.0264        -332.34
       -0.0261       -343.363
       -0.0258       -354.892
       -0.0255       -366.959
       -0.0252       -379.595
       -0.0249       -392.835
       -0.0246       -406.715
       -0.0243       -421.276
        -0.024       -436.558
       -0.0237       -452.604
       -0.0234       -469.463
       -0.0231       -487.184
       -0.0228        -505.82
       -0.0225       -525.428
       -0.0222       -546.067
       -0.0219       -567.802
       -0.0216       -590.699
       -0.0213       -614.828
        -0.021       -640.265
       -0.0207       -667.086
       -0.0204       -695.373
       -0.0201        -725.21
       -0.0198       -756.685
       -0.0195       -789.891
       -0.0192       -824.923
       -0.0189       -861.881
       -0.0186       -900.867
       -0.0183       -941.989
        -0.018        -985.36
       -0.0177       -1031.09
       -0.0174       -1079.31
       -0.0171       -1130.15
       -0.0168       -1183.72
       -0.0165       -1240.18
       -0.0162       -1299.66
       -0.0159       -1362.33
       -0.0156       -1428.34
       -0.0153       -1497.87
        -0.015       -1571.09
       -0.0147       -1648.22
       -0.0144       -1729.47
       -0.0141       -1815.06
       -0.0138       -1905.25
       -0.0135       -2000.33
       -0.0132       -2100.59
       -0.0129       -2206.37
       -0.0126       -2318.05
       -0.0123       -2436.04
        -0.012       -2560.79
       -0.0117       -2692.83
       -0.0114       -2832.74
       -0.0111       -2981.17
       -0.0108       -3138.86
       -0.0105       -3306.66
       -0.0102       -3485.53
       -0.0099        -3676.6
       -0.0096       -3881.14
       -0.0093       -4100.68
        -0.009       -4336.98
       -0.0087       -4592.15
       -0.0084        -4868.7
       -0.0081       -5169.72
       -0.0078       -5498.98
       -0.0075       -5861.19
       -0.0072       -6262.38
       -0.0069       -6710.39
       -0.0066       -7215.67
       -0.0063       -7792.36
        -0.006       -8459.01
       -0.0057       -9233.12
       -0.0054         -10000
       -0.0051         -10000
       -0.0048         -10000
       -0.0045       -9983.21
       -0.0042       -9847.16
       -0.0039       -9721.99
       -0.0036        -9616.7
       -0.0033       -9531.53
        -0.003       -9464.65
       -0.0027       -9413.69
       -0.0024       -9376.23
       -0.0021       -9349.91
       -0.0018       -9332.48
       -0.0015       -9321.86
       -0.0012       -9316.14
       -0.0009       -9313.62
       -0.0006       -9312.89
       -0.0003       -9312.89
             0       -9312.98
        0.0003        -9312.9
        0.0006        -9312.9
        0.0009       -9313.63
        0.0012       -9316.16
        0.0015       -9321.88
        0.0018       -9332.49
        0.0021       -9349.91
        0.0024       -9376.22
        0.0027       -9413.67
         0.003       -9464.61
        0.0033       -9531.47
        0.0036       -9616.61
        0.0039       -9721.88
        0.0042       -9847.05
        0.0045        -9983.1
        0.0048         -10000
        0.0051         -10000
        0.0054         -10000
        0.0057       -9234.13
         0.006       -8459.48
        0.0063       -7792.64
        0.0066        -7215.8
        0.0069       -6710.37
        0.0072       -6262.21
        0.0075       -5860.88
        0.0078       -5498.52
        0.0081       -5169.11
        0.0084       -4867.94
        0.0087       -4591.22
         0.009       -4335.89
        0.0093       -4099.42
        0.0096       -3879.71
        0.0099       -3674.98
        0.0102       -3483.72
        0.0105       -3304.65
        0.0108       -3136.64
        0.0111       -2978.74
        0.0114       -2830.09
        0.0117       -2689.96
         0.012       -2557.69
        0.0123        -2432.7
        0.0126       -2314.48
        0.0129       -2202.57
        0.0132       -2096.56
        0.0135       -1996.07
        0.0138       -1900.77
        0.0141       -1810.36
        0.0144       -1724.56
        0.0147       -1643.12
         0.015       -1565.81
        0.0153       -1492.41
        0.0156       -1422.74
        0.0159       -1356.59
        0.0162       -1293.81
        0.0165       -1234.23
        0.0168        -1177.7
        0.0171       -1124.08
        0.0174       -1073.22
        0.0177       -1024.99
         0.018       -979.273
        0.0183       -935.939
        0.0186       -894.874
        0.0189       -855.965
        0.0192       -819.102
        0.0195       -784.181
        0.0198         -751.1
        0.0201       -719.762
        0.0204       -690.075
        0.0207       -661.947
         0.021       -635.292
        0.0213       -610.028
        0.0216       -586.076
        0.0219        -563.36
        0.0222       -541.808
        0.0225       -521.353
        0.0228       -501.928
        0.0231       -483.474
        0.0234       -465.933
        0.0237       -449.251
         0.024       -433.377
        0.0243       -418.264
        0.0246       -403.868
        0.0249       -390.146
        0.0252        -377.06
        0.0255       -364.573
        0.0258       -352.651
        0.0261        -341.26
        0.0264       -330.371
        0.0267       -319.955
         0.027       -309.985
        0.0273       -300.436
        0.0276       -291.286
        0.0279       -282.513
        0.0282       -274.098
        0.0285       -266.022
        0.0288       -258.269
        0.0291       -250.823
        0.0294       -243.669
        0.0297       -236.793
          0.03       -230.183
        0.0303       -223.824
        0.0306       -217.707
        0.0309       -211.819
        0.0312       -206.149
        0.0315       -200.688
        0.0318       -195.427
        0.0321       -190.357
        0.0324        -185.47
        0.0327        -180.76
         0.033       -176.219
        0.0333       -171.841
        0.0336       -167.621
        0.0339       -163.553
        0.0342       -159.631
        0.0345       -155.851
        0.0348       -152.207
        0.0351       -148.695
        0.0354       -145.311
        0.0357       -142.049
         0.036       -138.906
        0.0363       -135.878
        0.0366       -132.962
        0.0369       -130.155
        0.0372       -127.454
        0.0375       -124.857
        0.0378        -122.36
        0.0381       -119.962
        0.0384        -117.66
        0.0387       -115.451
         0.039       -113.334
        0.0393       -111.305
        0.0396       -109.362
        0.0399       -107.505
        0.0402        -105.73
        0.0405       -104.036
        0.0408       -102.422
        0.0411       -100.886
        0.0414       -99.4277
        0.0417       -98.0454
         0.042       -96.7381
        0.0423       -95.5047
        0.0426       -94.3439
        0.0429       -93.2548
        0.0432       -92.2361
        0.0435       -91.2868
        0.0438       -90.4061
        0.0441       -89.5932
        0.0444       -88.8474
        0.0447       -88.1683
         0.045       -87.5554
        0.0453       -87.0085
        0.0456       -86.5271
        0.0459       -86.1111
        0.0462         -85.76
        0.0465       -85.4736
        0.0468       -85.2512
        0.0471       -85.0927
        0.0474       -84.9978
        0.0477       -84.9661
