# iteration    r (m)    potential (V)
         1         -0.048              0
         1        -0.0477              0
         1        -0.0474              0
         1        -0.0471              0
         1        -0.0468              0
         1        -0.0465              0
         1        -0.0462              0
         1        -0.0459              0
         1        -0.0456              0
         1        -0.0453              0
         1         -0.045              0
         1        -0.0447              0
         1        -0.0444              0
         1        -0.0441              0
         1        -0.0438              0
         1        -0.0435              0
         1        -0.0432              0
         1        -0.0429              0
         1        -0.0426              0
         1        -0.0423              0
         1         -0.042              0
         1        -0.0417              0
         1        -0.0414              0
         1        -0.0411              0
         1        -0.0408              0
         1        -0.0405              0
         1        -0.0402              0
         1        -0.0399              0
         1        -0.0396              0
         1        -0.0393              0
         1         -0.039              0
         1        -0.0387              0
         1        -0.0384              0
         1        -0.0381              0
         1        -0.0378              0
         1        -0.0375              0
         1        -0.0372              0
         1        -0.0369              0
         1        -0.0366              0
         1        -0.0363              0
         1         -0.036              0
         1        -0.0357              0
         1        -0.0354              0
         1        -0.0351              0
         1        -0.0348              0
         1        -0.0345              0
         1        -0.0342              0
         1        -0.0339              0
         1        -0.0336              0
         1        -0.0333              0
         1         -0.033              0
         1        -0.0327              0
         1        -0.0324              0
         1        -0.0321              0
         1        -0.0318              0
         1        -0.0315              0
         1        -0.0312              0
         1        -0.0309              0
         1        -0.0306              0
         1        -0.0303              0
         1          -0.03         -39.76
         1        -0.0297       -168.861
         1        -0.0294       -299.246
         1        -0.0291       -431.045
         1        -0.0288       -564.419
         1        -0.0285       -699.552
         1        -0.0282       -836.644
         1        -0.0279       -975.904
         1        -0.0276       -1117.56
         1        -0.0273       -1261.84
         1         -0.027          -1409
         1        -0.0267       -1559.31
         1        -0.0264       -1713.03
         1        -0.0261       -1870.45
         1        -0.0258        -2031.9
         1        -0.0255        -2197.7
         1        -0.0252       -2368.18
         1        -0.0249       -2543.73
         1        -0.0246       -2724.72
         1        -0.0243       -2911.57
         1         -0.024       -3104.72
         1        -0.0237       -3304.64
         1        -0.0234        -3511.8
         1        -0.0231       -3726.74
         1        -0.0228       -3950.01
         1        -0.0225       -4182.19
         1        -0.0222       -4423.89
         1        -0.0219       -4675.77
         1        -0.0216        -4938.5
         1        -0.0213       -5212.81
         1         -0.021       -5499.46
         1        -0.0207       -5799.23
         1        -0.0204       -6112.95
         1        -0.0201        -6441.5
         1        -0.0198       -6785.76
         1        -0.0195       -7146.68
         1        -0.0192       -7525.23
         1        -0.0189       -7922.43
         1        -0.0186       -8339.34
         1        -0.0183       -8777.03
         1         -0.018       -9236.64
         1        -0.0177       -9719.34
         1        -0.0174       -10226.4
         1        -0.0171         -10759
         1        -0.0168       -11318.5
         1        -0.0165       -11906.3
         1        -0.0162       -12523.8
         1        -0.0159       -13172.7
         1        -0.0156       -13854.4
         1        -0.0153       -14570.8
         1         -0.015       -15323.7
         1        -0.0147       -16115.1
         1        -0.0144       -16947.1
         1        -0.0141         -17822
         1        -0.0138       -18742.5
         1        -0.0135       -19711.2
         1        -0.0132       -20731.2
         1        -0.0129       -21805.9
         1        -0.0126         -22939
         1        -0.0123       -24134.6
         1         -0.012       -25397.4
         1        -0.0117       -26732.4
         1        -0.0114       -28145.6
         1        -0.0111       -29643.4
         1        -0.0108       -31233.3
         1        -0.0105       -32923.7
         1        -0.0102       -34724.3
         1        -0.0099       -36646.3
         1        -0.0096       -38702.6
         1        -0.0093       -40908.2
         1         -0.009         -43281
         1        -0.0087       -45841.9
         1        -0.0084       -48616.3
         1        -0.0081       -51634.8
         1        -0.0078       -54935.2
         1        -0.0075       -58564.8
         1        -0.0072       -62583.8
         1        -0.0069       -67070.7
         1        -0.0066       -72130.1
         1        -0.0063       -77903.5
         1         -0.006       -84576.5
         1        -0.0057       -92324.5
         1        -0.0054        -100000
         1        -0.0051        -100000
         1        -0.0048        -100000
         1        -0.0045       -99832.2
         1        -0.0042       -98472.6
         1        -0.0039       -97221.7
         1        -0.0036       -96169.6
         1        -0.0033       -95318.8
         1         -0.003       -94650.6
         1        -0.0027       -94141.6
         1        -0.0024       -93767.5
         1        -0.0021       -93504.6
         1        -0.0018       -93330.7
         1        -0.0015       -93224.7
         1        -0.0012       -93167.6
         1        -0.0009       -93142.5
         1        -0.0006       -93135.2
         1        -0.0003       -93135.3
         1              0       -93136.1
         1         0.0003       -93135.3
         1         0.0006       -93135.2
         1         0.0009       -93142.4
         1         0.0012       -93167.5
         1         0.0015       -93224.5
         1         0.0018       -93330.4
         1         0.0021       -93504.2
         1         0.0024         -93767
         1         0.0027         -94141
         1          0.003       -94649.8
         1         0.0033       -95317.8
         1         0.0036       -96168.5
         1         0.0039       -97220.5
         1         0.0042       -98471.4
         1         0.0045       -99831.1
         1         0.0048        -100000
         1         0.0051        -100000
         1         0.0054        -100000
         1         0.0057         -92337
         1          0.006       -84585.8
         1         0.0063       -77912.7
         1         0.0066       -72139.6
         1         0.0069       -67080.6
         1         0.0072       -62594.1
         1         0.0075       -58575.6
         1         0.0078       -54946.6
         1         0.0081       -51646.9
         1         0.0084       -48629.2
         1         0.0087       -45855.8
         1          0.009       -43295.9
         1         0.0093       -40924.4
         1         0.0096         -38720
         1         0.0099       -36665.1
         1         0.0102       -34744.6
         1         0.0105       -32945.5
         1         0.0108       -31256.8
         1         0.0111       -29668.7
         1         0.0114       -28172.7
         1         0.0117       -26761.4
         1          0.012       -25428.3
         1         0.0123       -24167.6
         1         0.0126         -22974
         1         0.0129       -21842.9
         1         0.0132       -20770.2
         1         0.0135       -19752.2
         1         0.0138       -18785.5
         1         0.0141       -17866.9
         1         0.0144       -16993.8
         1         0.0147       -16163.5
         1          0.015       -15373.8
         1         0.0153       -14622.4
         1         0.0156       -13907.3
         1         0.0159       -13226.7
         1         0.0162       -12578.9
         1         0.0165       -11962.1
         1         0.0168       -11374.9
         1         0.0171       -10815.8
         1         0.0174       -10283.4
         1         0.0177       -9776.31
         1          0.018       -9293.38
         1         0.0183       -8833.34
         1         0.0186       -8395.04
         1         0.0189       -7977.34
         1         0.0192       -7579.18
         1         0.0195       -7199.51
         1         0.0198       -6837.34
         1         0.0201        -6491.7
         1         0.0204       -6161.68
         1         0.0207       -5846.39
         1          0.021       -5544.97
         1         0.0213       -5256.62
         1         0.0216       -4980.55
         1         0.0219       -4716.03
         1         0.0222       -4462.35
         1         0.0225       -4218.84
         1         0.0228       -3984.85
         1         0.0231       -3759.77
         1         0.0234       -3543.04
         1         0.0237       -3334.11
         1          0.024       -3132.46
         1         0.0243        -2937.6
         1         0.0246       -2749.08
         1         0.0249       -2566.45
         1         0.0252       -2389.31
         1         0.0255       -2217.27
         1         0.0258       -2049.96
         1         0.0261       -1887.04
         1         0.0264       -1728.18
         1         0.0267       -1573.06
         1          0.027        -1421.4
         1         0.0273       -1272.91
         1         0.0276       -1127.34
         1         0.0279       -984.421
         1         0.0282       -843.927
         1         0.0285       -705.628
         1         0.0288       -569.311
         1         0.0291       -434.773
         1         0.0294        -301.83
         1         0.0297       -170.317
         1           0.03       -40.1027
         1         0.0303              0
         1         0.0306              0
         1         0.0309              0
         1         0.0312              0
         1         0.0315              0
         1         0.0318              0
         1         0.0321              0
         1         0.0324              0
         1         0.0327              0
         1          0.033              0
         1         0.0333              0
         1         0.0336              0
         1         0.0339              0
         1         0.0342              0
         1         0.0345              0
         1         0.0348              0
         1         0.0351              0
         1         0.0354              0
         1         0.0357              0
         1          0.036              0
         1         0.0363              0
         1         0.0366              0
         1         0.0369              0
         1         0.0372              0
         1         0.0375              0
         1         0.0378              0
         1         0.0381              0
         1         0.0384              0
         1         0.0387              0
         1          0.039              0
         1         0.0393              0
         1         0.0396              0
         1         0.0399              0
         1         0.0402              0
         1         0.0405              0
         1         0.0408              0
         1         0.0411              0
         1         0.0414              0
         1         0.0417              0
         1          0.042              0
         1         0.0423              0
         1         0.0426              0
         1         0.0429              0
         1         0.0432              0
         1         0.0435              0
         1         0.0438              0
         1         0.0441              0
         1         0.0444              0
         1         0.0447              0
         1          0.045              0
         1         0.0453              0
         1         0.0456              0
         1         0.0459              0
         1         0.0462              0
         1         0.0465              0
         1         0.0468              0
         1         0.0471              0
         1         0.0474              0
         1         0.0477              0
         2         -0.048              0
         2        -0.0477              0
         2        -0.0474              0
         2        -0.0471              0
         2        -0.0468              0
         2        -0.0465              0
         2        -0.0462              0
         2        -0.0459              0
         2        -0.0456              0
         2        -0.0453              0
         2         -0.045              0
         2        -0.0447              0
         2        -0.0444              0
         2        -0.0441              0
         2        -0.0438              0
         2        -0.0435              0
         2        -0.0432              0
         2        -0.0429              0
         2        -0.0426              0
         2        -0.0423              0
         2         -0.042              0
         2        -0.0417              0
         2        -0.0414              0
         2        -0.0411              0
         2        -0.0408              0
         2        -0.0405              0
         2        -0.0402              0
         2        -0.0399              0
         2        -0.0396              0
         2        -0.0393              0
         2         -0.039              0
         2        -0.0387              0
         2        -0.0384              0
         2        -0.0381              0
         2        -0.0378              0
         2        -0.0375              0
         2        -0.0372              0
         2        -0.0369              0
         2        -0.0366              0
         2        -0.0363              0
         2         -0.036              0
         2        -0.0357              0
         2        -0.0354              0
         2        -0.0351              0
         2        -0.0348              0
         2        -0.0345              0
         2        -0.0342              0
         2        -0.0339              0
         2        -0.0336              0
         2        -0.0333              0
         2         -0.033              0
         2        -0.0327              0
         2        -0.0324              0
         2        -0.0321              0
         2        -0.0318              0
         2        -0.0315              0
         2        -0.0312              0
         2        -0.0309              0
         2        -0.0306              0
         2        -0.0303              0
         2          -0.03        322.699
         2        -0.0297        1370.36
         2        -0.0294        2427.67
         2        -0.0291        3495.29
         2        -0.0288        4574.18
         2        -0.0285        5665.47
         2        -0.0282        6770.36
         2        -0.0279         7890.2
         2        -0.0276        9026.48
         2        -0.0273        10178.8
         2         -0.027        11349.2
         2        -0.0267          12540
         2        -0.0264        13752.7
         2        -0.0261        14987.2
         2        -0.0258        16246.3
         2        -0.0255          17532
         2        -0.0252        18844.9
         2        -0.0249        20184.6
         2        -0.0246        21555.4
         2        -0.0243        22957.3
         2         -0.024        24391.9
         2        -0.0237        25861.6
         2        -0.0234        27368.5
         2        -0.0231        28913.4
         2        -0.0228        30496.4
         2        -0.0225        32118.4
         2        -0.0222        33779.2
         2        -0.0219        35478.4
         2        -0.0216        37214.3
         2        -0.0213        38984.9
         2         -0.021        40790.6
         2        -0.0207        42634.8
         2        -0.0204        44522.2
         2        -0.0201        46455.1
         2        -0.0198        48342.6
         2        -0.0195        49993.3
         2        -0.0192        51524.2
         2        -0.0189        52971.2
         2        -0.0186        54350.3
         2        -0.0183        55670.2
         2         -0.018        56938.9
         2        -0.0177        58162.7
         2        -0.0174          59342
         2        -0.0171        60478.1
         2        -0.0168        61572.8
         2        -0.0165        62622.1
         2        -0.0162        63621.6
         2        -0.0159        64566.5
         2        -0.0156        65452.8
         2        -0.0153        66276.7
         2         -0.015        67031.3
         2        -0.0147        67705.9
         2        -0.0144        68289.7
         2        -0.0141        68771.4
         2        -0.0138        69135.3
         2        -0.0135        69364.3
         2        -0.0132        69447.6
         2        -0.0129        69375.2
         2        -0.0126          69125
         2        -0.0123        68672.9
         2         -0.012        68003.2
         2        -0.0117        67103.5
         2        -0.0114        65957.8
         2        -0.0111        64547.8
         2        -0.0108        62837.4
         2        -0.0105          60784
         2        -0.0102        58356.3
         2        -0.0099        55526.5
         2        -0.0096        52266.6
         2        -0.0093        48523.9
         2         -0.009        44224.7
         2        -0.0087        39289.5
         2        -0.0084        33635.1
         2        -0.0081        27171.9
         2        -0.0078        19794.1
         2        -0.0075          11360
         2        -0.0072        1678.57
         2        -0.0069       -9507.82
         2        -0.0066       -22541.5
         2        -0.0063       -37891.7
         2         -0.006       -56180.9
         2        -0.0057       -77987.7
         2        -0.0054        -100000
         2        -0.0051        -100000
         2        -0.0048        -100000
         2        -0.0045       -98657.4
         2        -0.0042       -87667.6
         2        -0.0039       -76783.6
         2        -0.0036       -66496.5
         2        -0.0033       -56749.4
         2         -0.003       -47481.3
         2        -0.0027         -38662
         2        -0.0024       -30172.8
         2        -0.0021       -21962.4
         2        -0.0018       -14101.2
         2        -0.0015       -6738.79
         2        -0.0012       -10.5512
         2        -0.0009        5983.73
         2        -0.0006        10813.5
         2        -0.0003        14058.1
         2              0        15067.4
         2         0.0003        13545.4
         2         0.0006        9895.69
         2         0.0009        4733.22
         2         0.0012       -1473.33
         2         0.0015       -8391.15
         2         0.0018         -15882
         2         0.0021       -23719.2
         2         0.0024       -31841.2
         2         0.0027       -40178.8
         2          0.003       -48751.1
         2         0.0033       -57689.5
         2         0.0036       -67144.5
         2         0.0039       -77206.4
         2         0.0042       -87860.6
         2         0.0045       -98668.3
         2         0.0048        -100000
         2         0.0051        -100000
         2         0.0054        -100000
         2         0.0057       -77454.6
         2          0.006       -55388.2
         2         0.0063       -37035.8
         2         0.0066         -21692
         2         0.0069       -8701.43
         2         0.0072        2418.14
         2         0.0075        12009.1
         2         0.0078          20322
         2         0.0081        27551.6
         2         0.0084        33852.1
         2         0.0087        39351.5
         2          0.009        44157.4
         2         0.0093        48360.5
         2         0.0096        52038.2
         2         0.0099        55255.6
         2         0.0102        58058.8
         2         0.0105          60486
         2         0.0108        62562.1
         2         0.0111        64315.1
         2         0.0114          65774
         2         0.0117        66971.4
         2          0.012        67933.4
         2         0.0123        68684.5
         2         0.0126          69238
         2         0.0129        69595.8
         2         0.0132        69760.1
         2         0.0135        69740.9
         2         0.0138          69564
         2         0.0141        69251.5
         2         0.0144        68812.7
         2         0.0147        68258.9
         2          0.015        67605.7
         2         0.0153        66869.3
         2         0.0156        66060.6
         2         0.0159          65186
         2         0.0162        64253.8
         2         0.0165        63268.8
         2         0.0168        62234.6
         2         0.0171        61152.6
         2         0.0174          60027
         2         0.0177        58859.5
         2          0.018        57651.7
         2         0.0183        56400.9
         2         0.0186        55104.4
         2         0.0189        53757.9
         2         0.0192        52350.3
         2         0.0195        50866.1
         2         0.0198        49268.8
         2         0.0201        47423.9
         2         0.0204        45513.5
         2         0.0207        43630.3
         2          0.021        41775.3
         2         0.0213        39947.1
         2         0.0216        38148.2
         2         0.0219        36378.2
         2         0.0222        34634.8
         2         0.0225        32928.1
         2         0.0228        31260.6
         2         0.0231        29630.8
         2         0.0234        28039.7
         2         0.0237        26487.2
         2          0.024        24971.9
         2         0.0243        23492.6
         2         0.0246        22048.3
         2         0.0249        20638.3
         2         0.0252        19261.3
         2         0.0255        17913.8
         2         0.0258        16593.3
         2         0.0261        15300.7
         2         0.0264        14034.5
         2         0.0267        12793.1
         2          0.027        11574.9
         2         0.0273        10378.2
         2         0.0276        9201.62
         2         0.0279           8044
         2         0.0282        6901.18
         2         0.0285        5773.57
         2         0.0288        4660.63
         2         0.0291        3560.81
         2         0.0294        2472.85
         2         0.0297        1395.71
         2           0.03        328.656
         2         0.0303              0
         2         0.0306              0
         2         0.0309              0
         2         0.0312              0
         2         0.0315              0
         2         0.0318              0
         2         0.0321              0
         2         0.0324              0
         2         0.0327              0
         2          0.033              0
         2         0.0333              0
         2         0.0336              0
         2         0.0339              0
         2         0.0342              0
         2         0.0345              0
         2         0.0348              0
         2         0.0351              0
         2         0.0354              0
         2         0.0357              0
         2          0.036              0
         2         0.0363              0
         2         0.0366              0
         2         0.0369              0
         2         0.0372              0
         2         0.0375              0
         2         0.0378              0
         2         0.0381              0
         2         0.0384              0
         2         0.0387              0
         2          0.039              0
         2         0.0393              0
         2         0.0396              0
         2         0.0399              0
         2         0.0402              0
         2         0.0405              0
         2         0.0408              0
         2         0.0411              0
         2         0.0414              0
         2         0.0417              0
         2          0.042              0
         2         0.0423              0
         2         0.0426              0
         2         0.0429              0
         2         0.0432              0
         2         0.0435              0
         2         0.0438              0
         2         0.0441              0
         2         0.0444              0
         2         0.0447              0
         2          0.045              0
         2         0.0453              0
         2         0.0456              0
         2         0.0459              0
         2         0.0462              0
         2         0.0465              0
         2         0.0468              0
         2         0.0471              0
         2         0.0474              0
         2         0.0477              0
         3         -0.048              0
         3        -0.0477              0
         3        -0.0474              0
         3        -0.0471              0
         3        -0.0468              0
         3        -0.0465              0
         3        -0.0462              0
         3        -0.0459              0
         3        -0.0456              0
         3        -0.0453              0
         3         -0.045              0
         3        -0.0447              0
         3        -0.0444              0
         3        -0.0441              0
         3        -0.0438              0
         3        -0.0435              0
         3        -0.0432              0
         3        -0.0429              0
         3        -0.0426              0
         3        -0.0423              0
         3         -0.042              0
         3        -0.0417              0
         3        -0.0414              0
         3        -0.0411              0
         3        -0.0408              0
         3        -0.0405              0
         3        -0.0402              0
         3        -0.0399              0
         3        -0.0396              0
         3        -0.0393              0
         3         -0.039              0
         3        -0.0387              0
         3        -0.0384              0
         3        -0.0381              0
         3        -0.0378              0
         3        -0.0375              0
         3        -0.0372              0
         3        -0.0369              0
         3        -0.0366              0
         3        -0.0363              0
         3         -0.036              0
         3        -0.0357              0
         3        -0.0354              0
         3        -0.0351              0
         3        -0.0348              0
         3        -0.0345              0
         3        -0.0342              0
         3        -0.0339              0
         3        -0.0336              0
         3        -0.0333              0
         3         -0.033              0
         3        -0.0327              0
         3        -0.0324              0
         3        -0.0321              0
         3        -0.0318              0
         3        -0.0315              0
         3        -0.0312              0
         3        -0.0309              0
         3        -0.0306              0
         3        -0.0303              0
         3          -0.03        321.146
         3        -0.0297        1361.69
         3        -0.0294        2407.71
         3        -0.0291        3458.95
         3        -0.0288        4515.47
         3        -0.0285         5577.6
         3        -0.0282        6645.75
         3        -0.0279        7720.43
         3        -0.0276        8802.35
         3        -0.0273        9890.88
         3         -0.027        10987.1
         3        -0.0267        12092.2
         3        -0.0264        13206.8
         3        -0.0261        14330.6
         3        -0.0258        15465.3
         3        -0.0255        16611.8
         3        -0.0252        17770.3
         3        -0.0249        18940.3
         3        -0.0246        20124.3
         3        -0.0243        21321.6
         3         -0.024        22532.4
         3        -0.0237        23758.1
         3        -0.0234        24999.2
         3        -0.0231        26255.3
         3        -0.0228          27525
         3        -0.0225        28807.6
         3        -0.0222        30101.3
         3        -0.0219        31403.8
         3        -0.0216        32711.1
         3        -0.0213        34018.1
         3         -0.021        35320.7
         3        -0.0207        36614.8
         3        -0.0204        37894.3
         3        -0.0201        39142.7
         3        -0.0198        40242.8
         3        -0.0195        41129.2
         3        -0.0192        41926.6
         3        -0.0189        42660.4
         3        -0.0186        43341.7
         3        -0.0183        43976.5
         3         -0.018        44570.6
         3        -0.0177        45128.2
         3        -0.0174        45649.3
         3        -0.0171          46135
         3        -0.0168        46585.9
         3        -0.0165        46999.3
         3        -0.0162        47371.6
         3        -0.0159        47699.1
         3        -0.0156        47978.5
         3        -0.0153        48206.6
         3         -0.015        48377.8
         3        -0.0147        48484.1
         3        -0.0144          48517
         3        -0.0141        48467.8
         3        -0.0138        48324.3
         3        -0.0135        48073.7
         3        -0.0132          47707
         3        -0.0129        47215.8
         3        -0.0126        46583.3
         3        -0.0123        45790.9
         3         -0.012        44825.6
         3        -0.0117        43676.9
         3        -0.0114        42331.3
         3        -0.0111        40773.2
         3        -0.0108        38974.7
         3        -0.0105        36902.6
         3        -0.0102        34531.4
         3        -0.0099        31837.3
         3        -0.0096          28796
         3        -0.0093        25364.9
         3         -0.009        21485.8
         3        -0.0087        17095.5
         3        -0.0084        12126.2
         3        -0.0081        6504.15
         3        -0.0078        141.406
         3        -0.0075       -7078.28
         3        -0.0072       -15310.6
         3        -0.0069       -24764.4
         3        -0.0066       -35716.9
         3        -0.0063       -48547.9
         3         -0.006         -63760
         3        -0.0057       -81821.7
         3        -0.0054        -100000
         3        -0.0051        -100000
         3        -0.0048        -100000
         3        -0.0045       -98999.7
         3        -0.0042       -90816.4
         3        -0.0039       -82746.3
         3        -0.0036       -75165.5
         3        -0.0033       -68035.3
         3         -0.003       -61306.3
         3        -0.0027       -54948.8
         3        -0.0024         -48871
         3        -0.0021       -43028.6
         3        -0.0018       -37462.7
         3        -0.0015       -32270.5
         3        -0.0012         -27540
         3        -0.0009       -23334.7
         3        -0.0006       -19951.1
         3        -0.0003       -17679.8
         3              0       -16973.5
         3         0.0003       -18038.6
         3         0.0006       -20593.4
         3         0.0009       -24209.7
         3         0.0012       -28563.5
         3         0.0015       -33426.6
         3         0.0018       -38708.6
         3         0.0021       -44257.5
         3         0.0024         -50038
         3         0.0027       -56009.5
         3          0.003         -62194
         3         0.0033       -68692.2
         3         0.0036       -75617.9
         3         0.0039         -83041
         3         0.0042       -90950.6
         3         0.0045       -99006.8
         3         0.0048        -100000
         3         0.0051        -100000
         3         0.0054        -100000
         3         0.0057         -81450
         3          0.006       -63203.1
         3         0.0063       -47944.9
         3         0.0066         -35117
         3         0.0069       -24193.4
         3         0.0072       -14785.4
         3         0.0075       -6615.31
         3         0.0078         520.59
         3         0.0081        6780.59
         3         0.0084        12289.8
         3         0.0087        17151.6
         3          0.009        21452.5
         3         0.0093        25265.4
         3         0.0096        28652.2
         3         0.0099        31664.9
         3         0.0102        34341.5
         3         0.0105        36713.7
         3         0.0108        38802.9
         3         0.0111        40632.5
         3         0.0114        42226.1
         3         0.0117        43609.2
         3          0.012        44802.9
         3         0.0123        45826.4
         3         0.0126        46691.1
         3         0.0129        47400.1
         3         0.0132        47956.7
         3         0.0135        48369.4
         3         0.0138        48657.5
         3         0.0141        48837.8
         3         0.0144        48917.8
         3         0.0147        48906.4
         3          0.015        48815.5
         3         0.0153        48657.2
         3         0.0156        48439.6
         3         0.0159        48168.2
         3         0.0162          47849
         3         0.0165          47486
         3         0.0168          47082
         3         0.0171        46638.3
         3         0.0174        46158.2
         3         0.0177        45643.1
         3          0.018        45094.1
         3         0.0183        44509.4
         3         0.0186        43887.3
         3         0.0189        43224.8
         3         0.0192          42514
         3         0.0195        41744.2
         3         0.0198        40889.5
         3         0.0201        39812.2
         3         0.0204        38571.4
         3         0.0207        37287.2
         3          0.021        35978.8
         3         0.0213        34654.9
         3         0.0216        33323.3
         3         0.0219        31988.6
         3         0.0222        30652.6
         3         0.0225          29325
         3         0.0228        28009.6
         3         0.0231        26706.8
         3         0.0234        25418.5
         3         0.0237        24145.8
         3          0.024        22888.7
         3         0.0243        21647.1
         3         0.0246          20421
         3         0.0249        19210.4
         3         0.0252        18015.1
         3         0.0255          16833
         3         0.0258          15663
         3         0.0261        14506.2
         3         0.0264        13361.8
         3         0.0267        12229.2
         3          0.027        11107.5
         3         0.0273        9995.75
         3         0.0276        8893.33
         3         0.0279        7799.71
         3         0.0282        6712.31
         3         0.0285        5631.85
         3         0.0288         4558.3
         3         0.0291        3490.98
         3         0.0294        2429.54
         3         0.0297         1373.8
         3           0.03        323.949
         3         0.0303              0
         3         0.0306              0
         3         0.0309              0
         3         0.0312              0
         3         0.0315              0
         3         0.0318              0
         3         0.0321              0
         3         0.0324              0
         3         0.0327              0
         3          0.033              0
         3         0.0333              0
         3         0.0336              0
         3         0.0339              0
         3         0.0342              0
         3         0.0345              0
         3         0.0348              0
         3         0.0351              0
         3         0.0354              0
         3         0.0357              0
         3          0.036              0
         3         0.0363              0
         3         0.0366              0
         3         0.0369              0
         3         0.0372              0
         3         0.0375              0
         3         0.0378              0
         3         0.0381              0
         3         0.0384              0
         3         0.0387              0
         3          0.039              0
         3         0.0393              0
         3         0.0396              0
         3         0.0399              0
         3         0.0402              0
         3         0.0405              0
         3         0.0408              0
         3         0.0411              0
         3         0.0414              0
         3         0.0417              0
         3          0.042              0
         3         0.0423              0
         3         0.0426              0
         3         0.0429              0
         3         0.0432              0
         3         0.0435              0
         3         0.0438              0
         3         0.0441              0
         3         0.0444              0
         3         0.0447              0
         3          0.045              0
         3         0.0453              0
         3         0.0456              0
         3         0.0459              0
         3         0.0462              0
         3         0.0465              0
         3         0.0468              0
         3         0.0471              0
         3         0.0474              0
         3         0.0477              0
         4         -0.048              0
         4        -0.0477              0
         4        -0.0474              0
         4        -0.0471              0
         4        -0.0468              0
         4        -0.0465              0
         4        -0.0462              0
         4        -0.0459              0
         4        -0.0456              0
         4        -0.0453              0
         4         -0.045              0
         4        -0.0447              0
         4        -0.0444              0
         4        -0.0441              0
         4        -0.0438              0
         4        -0.0435              0
         4        -0.0432              0
         4        -0.0429              0
         4        -0.0426              0
         4        -0.0423              0
         4         -0.042              0
         4        -0.0417              0
         4        -0.0414              0
         4        -0.0411              0
         4        -0.0408              0
         4        -0.0405              0
         4        -0.0402              0
         4        -0.0399              0
         4        -0.0396              0
         4        -0.0393              0
         4         -0.039              0
         4        -0.0387              0
         4        -0.0384              0
         4        -0.0381              0
         4        -0.0378              0
         4        -0.0375              0
         4        -0.0372              0
         4        -0.0369              0
         4        -0.0366              0
         4        -0.0363              0
         4         -0.036              0
         4        -0.0357              0
         4        -0.0354              0
         4        -0.0351              0
         4        -0.0348              0
         4        -0.0345              0
         4        -0.0342              0
         4        -0.0339              0
         4        -0.0336              0
         4        -0.0333              0
         4         -0.033              0
         4        -0.0327              0
         4        -0.0324              0
         4        -0.0321              0
         4        -0.0318              0
         4        -0.0315              0
         4        -0.0312              0
         4        -0.0309              0
         4        -0.0306              0
         4        -0.0303              0
         4          -0.03        338.825
         4        -0.0297        1434.59
         4        -0.0294        2532.44
         4        -0.0291        3631.37
         4        -0.0288         4730.8
         4        -0.0285        5830.49
         4        -0.0282        6930.34
         4        -0.0279         8030.3
         4        -0.0276        9130.51
         4        -0.0273        10230.3
         4         -0.027        11330.1
         4        -0.0267        12430.6
         4        -0.0264        13532.1
         4        -0.0261        14633.9
         4        -0.0258        15737.1
         4        -0.0255        16841.5
         4        -0.0252          17947
         4        -0.0249        19052.5
         4        -0.0246        20159.7
         4        -0.0243        21267.3
         4         -0.024          22375
         4        -0.0237        23482.8
         4        -0.0234        24590.5
         4        -0.0231          25697
         4        -0.0228          26800
         4        -0.0225        27897.2
         4        -0.0222          28985
         4        -0.0219        30058.8
         4        -0.0216        31111.9
         4        -0.0213        32136.6
         4         -0.021          33125
         4        -0.0207        34067.5
         4        -0.0204          34948
         4        -0.0201        35730.8
         4        -0.0198        36263.9
         4        -0.0195        36587.4
         4        -0.0192        36842.4
         4        -0.0189        37046.7
         4        -0.0186        37208.5
         4        -0.0183        37332.5
         4         -0.018        37422.6
         4        -0.0177        37482.1
         4        -0.0174          37511
         4        -0.0171        37509.9
         4        -0.0168        37479.2
         4        -0.0165        37416.8
         4        -0.0162        37319.8
         4        -0.0159        37185.3
         4        -0.0156        37010.6
         4        -0.0153        36792.7
         4         -0.015        36527.4
         4        -0.0147          36208
         4        -0.0144          35828
         4        -0.0141        35380.2
         4        -0.0138        34855.1
         4        -0.0135        34242.5
         4        -0.0132          33535
         4        -0.0129        32725.1
         4        -0.0126        31799.6
         4        -0.0123        30743.6
         4         -0.012        29546.3
         4        -0.0117        28197.9
         4        -0.0114        26686.8
         4        -0.0111        24999.3
         4        -0.0108          23113
         4        -0.0105        21001.2
         4        -0.0102        18642.2
         4        -0.0099          16015
         4        -0.0096        13097.7
         4        -0.0093        9854.42
         4         -0.009        6237.84
         4        -0.0087        2195.53
         4        -0.0084       -2329.46
         4        -0.0081       -7400.35
         4        -0.0078       -13092.9
         4        -0.0075       -19506.4
         4        -0.0072       -26772.2
         4        -0.0069       -35065.8
         4        -0.0066       -44620.5
         4        -0.0063       -55754.7
         4         -0.006       -68889.6
         4        -0.0057       -84418.1
         4        -0.0054        -100000
         4        -0.0051        -100000
         4        -0.0048        -100000
         4        -0.0045       -99237.5
         4        -0.0042         -93004
         4        -0.0039       -86889.9
         4        -0.0036       -81192.2
         4        -0.0033       -75884.6
         4         -0.003       -70925.7
         4        -0.0027         -66286
         4        -0.0024       -61892.2
         4        -0.0021       -57704.5
         4        -0.0018       -53743.5
         4        -0.0015       -50069.3
         4        -0.0012       -46736.5
         4        -0.0009       -43783.2
         4        -0.0006       -41411.9
         4        -0.0003       -39821.9
         4              0       -39327.6
         4         0.0003       -40072.8
         4         0.0006       -41861.1
         4         0.0009       -44395.2
         4         0.0012       -47452.2
         4         0.0015       -50877.7
         4         0.0018       -54614.5
         4         0.0021       -58563.5
         4         0.0024       -62707.6
         4         0.0027       -67026.9
         4          0.003       -71545.4
         4         0.0033       -76342.7
         4         0.0036       -81507.2
         4         0.0039       -87094.7
         4         0.0042       -93096.8
         4         0.0045         -99242
         4         0.0048        -100000
         4         0.0051        -100000
         4         0.0054        -100000
         4         0.0057       -84157.6
         4          0.006       -68493.8
         4         0.0063       -55323.1
         4         0.0066       -44188.2
         4         0.0069       -34651.2
         4         0.0072       -26387.2
         4         0.0075       -19162.7
         4         0.0078       -12805.7
         4         0.0081       -7182.88
         4         0.0084       -2188.79
         4         0.0087        2263.11
         4          0.009        6245.04
         4         0.0093        9817.58
         4         0.0096          13032
         4         0.0099        15931.7
         4         0.0102          18549
         4         0.0105        20911.1
         4         0.0108        23037.3
         4         0.0111        24947.9
         4         0.0114        26662.6
         4         0.0117        28202.5
         4          0.012        29584.8
         4         0.0123        30825.3
         4         0.0126        31934.2
         4         0.0129        32915.6
         4         0.0132        33773.4
         4         0.0135        34515.2
         4         0.0138        35155.9
         4         0.0141        35708.5
         4         0.0144        36179.4
         4         0.0147        36575.8
         4          0.015        36906.9
         4         0.0153        37182.1
         4         0.0156        37407.8
         4         0.0159        37588.3
         4         0.0162        37728.4
         4         0.0165        37831.4
         4         0.0168        37899.6
         4         0.0171        37934.3
         4         0.0174        37937.9
         4         0.0177        37911.5
         4          0.018        37856.2
         4         0.0183        37770.7
         4         0.0186        37653.7
         4         0.0189        37503.3
         4         0.0192          37314
         4         0.0195          37079
         4         0.0198        36782.8
         4         0.0201        36267.1
         4         0.0204        35476.3
         4         0.0207          34582
         4          0.021        33620.7
         4         0.0213        32609.6
         4         0.0216        31561.2
         4         0.0219        30484.2
         4         0.0222          29384
         4         0.0225        28270.1
         4         0.0228        27147.9
         4         0.0231        26019.4
         4         0.0234        24887.4
         4         0.0237          23754
         4          0.024        22620.5
         4         0.0243          21488
         4         0.0246        20357.5
         4         0.0249        19229.7
         4         0.0252        18104.8
         4         0.0255          16982
         4         0.0258        15860.6
         4         0.0261        14741.8
         4         0.0264        13625.5
         4         0.0267        12511.6
         4          0.027        11399.6
         4         0.0273        10289.3
         4         0.0276        9180.44
         4         0.0279        8072.93
         4         0.0282        6965.29
         4         0.0285        5858.27
         4         0.0288        4752.17
         4         0.0291        3646.92
         4         0.0294        2542.73
         4         0.0297        1440.09
         4           0.03        339.931
         4         0.0303              0
         4         0.0306              0
         4         0.0309              0
         4         0.0312              0
         4         0.0315              0
         4         0.0318              0
         4         0.0321              0
         4         0.0324              0
         4         0.0327              0
         4          0.033              0
         4         0.0333              0
         4         0.0336              0
         4         0.0339              0
         4         0.0342              0
         4         0.0345              0
         4         0.0348              0
         4         0.0351              0
         4         0.0354              0
         4         0.0357              0
         4          0.036              0
         4         0.0363              0
         4         0.0366              0
         4         0.0369              0
         4         0.0372              0
         4         0.0375              0
         4         0.0378              0
         4         0.0381              0
         4         0.0384              0
         4         0.0387              0
         4          0.039              0
         4         0.0393              0
         4         0.0396              0
         4         0.0399              0
         4         0.0402              0
         4         0.0405              0
         4         0.0408              0
         4         0.0411              0
         4         0.0414              0
         4         0.0417              0
         4          0.042              0
         4         0.0423              0
         4         0.0426              0
         4         0.0429              0
         4         0.0432              0
         4         0.0435              0
         4         0.0438              0
         4         0.0441              0
         4         0.0444              0
         4         0.0447              0
         4          0.045              0
         4         0.0453              0
         4         0.0456              0
         4         0.0459              0
         4         0.0462              0
         4         0.0465              0
         4         0.0468              0
         4         0.0471              0
         4         0.0474              0
         4         0.0477              0
         5         -0.048              0
         5        -0.0477              0
         5        -0.0474              0
         5        -0.0471              0
         5        -0.0468              0
         5        -0.0465              0
         5        -0.0462              0
         5        -0.0459              0
         5        -0.0456              0
         5        -0.0453              0
         5         -0.045              0
         5        -0.0447              0
         5        -0.0444              0
         5        -0.0441              0
         5        -0.0438              0
         5        -0.0435              0
         5        -0.0432              0
         5        -0.0429              0
         5        -0.0426              0
         5        -0.0423              0
         5         -0.042              0
         5        -0.0417              0
         5        -0.0414              0
         5        -0.0411              0
         5        -0.0408              0
         5        -0.0405              0
         5        -0.0402              0
         5        -0.0399              0
         5        -0.0396              0
         5        -0.0393              0
         5         -0.039              0
         5        -0.0387              0
         5        -0.0384              0
         5        -0.0381              0
         5        -0.0378              0
         5        -0.0375              0
         5        -0.0372              0
         5        -0.0369              0
         5        -0.0366              0
         5        -0.0363              0
         5         -0.036              0
         5        -0.0357              0
         5        -0.0354              0
         5        -0.0351              0
         5        -0.0348              0
         5        -0.0345              0
         5        -0.0342              0
         5        -0.0339              0
         5        -0.0336              0
         5        -0.0333              0
         5         -0.033              0
         5        -0.0327              0
         5        -0.0324              0
         5        -0.0321              0
         5        -0.0318              0
         5        -0.0315              0
         5        -0.0312              0
         5        -0.0309              0
         5        -0.0306              0
         5        -0.0303              0
         5          -0.03        369.201
         5        -0.0297        1560.81
         5        -0.0294        2750.42
         5        -0.0291        3937.08
         5        -0.0288        5120.25
         5        -0.0285        6299.67
         5        -0.0282        7475.19
         5        -0.0279        8646.59
         5        -0.0276        9813.88
         5        -0.0273        10976.5
         5         -0.027        12134.6
         5        -0.0267        13288.5
         5        -0.0264        14438.2
         5        -0.0261        15583.3
         5        -0.0258        16724.2
         5        -0.0255        17860.7
         5        -0.0252        18992.3
         5        -0.0249        20118.1
         5        -0.0246        21238.5
         5        -0.0243        22352.5
         5         -0.024        23459.3
         5        -0.0237        24558.2
         5        -0.0234        25648.1
         5        -0.0231        26726.9
         5        -0.0228        27791.5
         5        -0.0225        28838.5
         5        -0.0222        29863.2
         5        -0.0219          30859
         5        -0.0216        31817.8
         5        -0.0213        32730.4
         5         -0.021        33585.2
         5        -0.0207        34364.7
         5        -0.0204        35039.5
         5        -0.0201          35551
         5        -0.0198          35682
         5        -0.0195        35584.4
         5        -0.0192        35435.6
         5        -0.0189        35245.9
         5        -0.0186        35020.5
         5        -0.0183        34762.3
         5         -0.018        34474.6
         5        -0.0177        34159.6
         5        -0.0174        33817.5
         5        -0.0171        33448.6
         5        -0.0168        33053.2
         5        -0.0165        32629.7
         5        -0.0162        32175.8
         5        -0.0159        31689.3
         5        -0.0156        31167.8
         5        -0.0153        30608.8
         5         -0.015        30008.6
         5        -0.0147          29362
         5        -0.0144        28663.6
         5        -0.0141        27907.1
         5        -0.0138        27084.7
         5        -0.0135        26188.4
         5        -0.0132        25211.7
         5        -0.0129        24147.9
         5        -0.0126        22986.1
         5        -0.0123          21714
         5         -0.012        20321.6
         5        -0.0117        18800.3
         5        -0.0114        17139.3
         5        -0.0111        15326.4
         5        -0.0108        13342.6
         5        -0.0105        11165.6
         5        -0.0102        8776.24
         5        -0.0099        6155.16
         5        -0.0096        3281.69
         5        -0.0093        124.748
         5         -0.009       -3356.01
         5        -0.0087       -7205.67
         5        -0.0084       -11474.2
         5        -0.0081       -16217.9
         5        -0.0078       -21505.1
         5        -0.0075       -27423.8
         5        -0.0072       -34089.6
         5        -0.0069       -41656.1
         5        -0.0066       -50327.8
         5        -0.0063       -60383.5
         5         -0.006       -72190.1
         5        -0.0057       -86091.2
         5        -0.0054        -100000
         5        -0.0051        -100000
         5        -0.0048        -100000
         5        -0.0045       -99399.7
         5        -0.0042       -94497.2
         5        -0.0039         -89721
         5        -0.0036       -85314.2
         5        -0.0033       -81260.1
         5         -0.003       -77522.1
         5        -0.0027       -74070.1
         5        -0.0024       -70843.4
         5        -0.0021       -67804.9
         5        -0.0018       -64959.8
         5        -0.0015         -62343
         5        -0.0012       -59984.9
         5        -0.0009       -57905.8
         5        -0.0006       -56241.5
         5        -0.0003       -55127.9
         5              0       -54782.2
         5         0.0003       -55304.2
         5         0.0006       -56558.4
         5         0.0009       -58338.3
         5         0.0012       -60491.4
         5         0.0015       -62915.1
         5         0.0018       -65576.2
         5         0.0021       -68412.5
         5         0.0024       -71420.1
         5         0.0027       -74594.1
         5          0.003       -77960.7
         5         0.0033       -81584.9
         5         0.0036       -85538.1
         5         0.0039       -89866.4
         5         0.0042         -94563
         5         0.0045       -99402.5
         5         0.0048        -100000
         5         0.0051        -100000
         5         0.0054        -100000
         5         0.0057       -85905.5
         5          0.006       -71900.9
         5         0.0063       -60063.3
         5         0.0066       -50002.5
         5         0.0069       -41338.5
         5         0.0072       -33788.3
         5         0.0075         -27147
         5         0.0078       -21263.5
         5         0.0081       -16020.7
         5         0.0084       -11325.8
         5         0.0087       -7103.75
         5          0.009       -3291.53
         5         0.0093        163.459
         5         0.0096        3305.53
         5         0.0099        6172.15
         5         0.0102        8792.08
         5         0.0105        11189.6
         5         0.0108        13382.3
         5         0.0111        15388.8
         5         0.0114        17226.6
         5         0.0117        18913.5
         5          0.012        20464.3
         5         0.0123        21892.6
         5         0.0126        23207.7
         5         0.0129        24414.6
         5         0.0132        25517.7
         5         0.0135        26523.9
         5         0.0138        27445.3
         5         0.0141        28292.2
         5         0.0144        29070.3
         5         0.0147        29785.7
         5          0.015        30445.8
         5         0.0153          31058
         5         0.0156        31627.6
         5         0.0159        32158.2
         5         0.0162        32653.8
         5         0.0165        33117.1
         5         0.0168        33550.2
         5         0.0171        33954.2
         5         0.0174        34331.2
         5         0.0177        34682.2
         5          0.018        35008.1
         5         0.0183        35307.8
         5         0.0186        35580.4
         5         0.0189        35824.8
         5         0.0192        36037.1
         5         0.0195        36211.7
         5         0.0198          36336
         5         0.0201        36216.8
         5         0.0204        35698.6
         5         0.0207        35012.1
         5          0.021        34212.7
         5         0.0213        33330.9
         5         0.0216        32387.4
         5         0.0219          31396
         5         0.0222        30366.3
         5         0.0225        29309.1
         5         0.0228          28231
         5         0.0231        27136.1
         5         0.0234          26028
         5         0.0237        24909.4
         5          0.024        23781.7
         5         0.0243        22646.9
         5         0.0246        21506.3
         5         0.0249        20361.3
         5         0.0252        19212.5
         5         0.0255        18059.9
         5         0.0258        16903.1
         5         0.0261        15743.2
         5         0.0264        14580.3
         5         0.0267        13414.3
         5          0.027        12245.3
         5         0.0273          11073
         5         0.0276         9897.3
         5         0.0279        8718.35
         5         0.0282        7535.18
         5         0.0285        6348.42
         5         0.0288        5158.32
         5         0.0291        3964.96
         5         0.0294        2768.67
         5         0.0297        1570.18
         5           0.03        371.005
         5         0.0303              0
         5         0.0306              0
         5         0.0309              0
         5         0.0312              0
         5         0.0315              0
         5         0.0318              0
         5         0.0321              0
         5         0.0324              0
         5         0.0327              0
         5          0.033              0
         5         0.0333              0
         5         0.0336              0
         5         0.0339              0
         5         0.0342              0
         5         0.0345              0
         5         0.0348              0
         5         0.0351              0
         5         0.0354              0
         5         0.0357              0
         5          0.036              0
         5         0.0363              0
         5         0.0366              0
         5         0.0369              0
         5         0.0372              0
         5         0.0375              0
         5         0.0378              0
         5         0.0381              0
         5         0.0384              0
         5         0.0387              0
         5          0.039              0
         5         0.0393              0
         5         0.0396              0
         5         0.0399              0
         5         0.0402              0
         5         0.0405              0
         5         0.0408              0
         5         0.0411              0
         5         0.0414              0
         5         0.0417              0
         5          0.042              0
         5         0.0423              0
         5         0.0426              0
         5         0.0429              0
         5         0.0432              0
         5         0.0435              0
         5         0.0438              0
         5         0.0441              0
         5         0.0444              0
         5         0.0447              0
         5          0.045              0
         5         0.0453              0
         5         0.0456              0
         5         0.0459              0
         5         0.0462              0
         5         0.0465              0
         5         0.0468              0
         5         0.0471              0
         5         0.0474              0
         5         0.0477              0
