# r (m)    potential (V)    [no-anode geometry, cathode at -10000 V]
       -0.0315   -2.90733e-69
       -0.0312              0
       -0.0309              0
       -0.0306              0
       -0.0303              0
         -0.03              0
       -0.0297       -3.84101
       -0.0294       -11.9377
       -0.0291       -20.1122
       -0.0288       -28.3538
       -0.0285       -36.6538
       -0.0282        -45.003
       -0.0279       -53.3912
       -0.0276       -61.8067
       -0.0273       -70.2357
        -0.027       -78.6623
       -0.0267       -87.0677
       -0.0264       -95.4298
       -0.0261       -103.723
       -0.0258       -111.916
       -0.0255       -119.971
       -0.0252       -127.845
       -0.0249       -135.484
       -0.0246        -142.82
       -0.0243       -149.774
        -0.024       -156.243
       -0.0237       -162.101
       -0.0234       -167.189
       -0.0231       -171.304
       -0.0228       -174.183
       -0.0225       -175.477
       -0.0222       -174.722
       -0.0219       -171.276
       -0.0216       -164.225
       -0.0213       -152.217
        -0.021       -133.152
       -0.0207       -103.545
       -0.0204       -57.1472
       -0.0201              0
       -0.0198              0
       -0.0195              0
       -0.0192       -18.2018
       -0.0189       -181.809
       -0.0186       -308.022
       -0.0183       -414.774
        -0.018        -510.38
       -0.0177       -599.245
       -0.0174       -683.972
       -0.0171       -766.234
       -0.0168       -847.193
       -0.0165         -927.7
       -0.0162       -1008.42
       -0.0159       -1089.89
       -0.0156       -1172.56
       -0.0153       -1256.86
        -0.015       -1343.13
       -0.0147       -1431.74
       -0.0144       -1523.01
       -0.0141       -1617.29
       -0.0138       -1714.92
       -0.0135       -1816.23
       -0.0132        -1921.6
       -0.0129       -2031.41
       -0.0126       -2146.07
       -0.0123       -2266.02
        -0.012       -2391.73
       -0.0117       -2523.74
       -0.0114       -2662.62
       -0.0111          -2809
       -0.0108        -2963.6
       -0.0105       -3127.23
       -0.0102       -3300.78
       -0.0099       -3485.28
       -0.0096       -3681.91
       -0.0093       -3892.03
        -0.009       -4117.22
       -0.0087       -4359.35
       -0.0084       -4620.62
       -0.0081        -4903.7
       -0.0078        -5211.8
       -0.0075        -5548.9
       -0.0072       -5920.03
       -0.0069       -6331.59
       -0.0066       -6792.05
       -0.0063       -7312.95
        -0.006       -7910.71
       -0.0057       -8610.61
       -0.0054       -9457.93
       -0.0051         -10000
       -0.0048         -10000
       -0.0045         -10000
       -0.0042       -9977.83
       -0.0039       -9832.02
       -0.0036       -9707.74
       -0.0033       -9604.95
        -0.003       -9522.32
       -0.0027       -9457.71
       -0.0024       -9408.68
       -0.0021       -9372.81
       -0.0018       -9347.74
       -0.0015       -9331.26
       -0.0012       -9321.29
       -0.0009       -9315.97
       -0.0006       -9313.65
       -0.0003       -9312.98
             0       -9312.98
        0.0003       -9313.05
        0.0006       -9313.06
        0.0009       -9313.28
        0.0012       -9314.45
        0.0015       -9317.69
        0.0018       -9324.43
        0.0021        -9336.4
        0.0024       -9355.54
        0.0027       -9383.96
         0.003       -9423.92
        0.0033       -9477.81
        0.0036       -9548.04
        0.0039       -9636.99
        0.0042       -9746.58
        0.0045       -9877.72
        0.0048         -10000
        0.0051         -10000
        0.0054         -10000
        0.0057         -10000
         0.006       -9163.25
        0.0063       -8372.15
        0.0066       -7710.07
        0.0069       -7140.72
        0.0072       -6642.29
        0.0075       -6200.14
        0.0078       -5803.84
        0.0081       -5445.65
        0.0084       -5119.67
        0.0087       -4821.26
         0.009       -4546.72
        0.0093       -4293.01
        0.0096       -4057.65
        0.0099       -3838.56
        0.0102       -3633.98
        0.0105       -3442.39
        0.0108       -3262.51
        0.0111        -3093.2
        0.0114       -2933.49
        0.0117        -2782.5
         0.012       -2639.48
        0.0123       -2503.71
        0.0126        -2374.6
        0.0129       -2251.58
        0.0132       -2134.14
        0.0135       -2021.81
        0.0138       -1914.15
        0.0141       -1810.77
        0.0144       -1711.27
        0.0147        -1615.3
         0.015        -1522.5
        0.0153       -1432.52
        0.0156       -1345.02
        0.0159       -1259.64
        0.0162       -1176.01
        0.0165       -1093.73
        0.0168       -1012.35
        0.0171       -931.362
        0.0174       -850.143
        0.0177        -767.92
         0.018       -683.677
        0.0183       -596.002
        0.0186       -502.813
        0.0189         -400.8
        0.0192       -284.205
        0.0195       -141.799
        0.0198              0
        0.0201              0
        0.0204              0
        0.0207       -13.6728
         0.021        -95.685
        0.0213       -148.891
        0.0216       -185.179
        0.0219        -210.67
        0.0222       -228.826
        0.0225       -241.767
        0.0228       -250.871
        0.0231       -257.082
        0.0234       -261.066
        0.0237       -263.313
         0.024        -264.19
        0.0243       -263.977
        0.0246       -262.892
        0.0249       -261.109
        0.0252       -258.765
        0.0255       -255.971
        0.0258       -252.817
        0.0261       -249.377
        0.0264       -245.712
        0.0267       -241.872
         0.027         -237.9
        0.0273       -233.829
        0.0276        -229.69
        0.0279       -225.506
        0.0282       -221.299
        0.0285       -217.086
        0.0288       -212.883
        0.0291       -208.702
        0.0294       -204.554
        0.0297       -200.448
          0.03       -196.391
        0.0303        -192.39
        0.0306        -188.45
        0.0309       -184.574
        0.0312       -180.767
        0.0315       -177.029
        0.0318       -173.365
        0.0321       -169.774
        0.0324       -166.259
        0.0327       -162.821
         0.033       -159.462
        0.0333       -156.181
        0.0336       -152.979
        0.0339       -149.858
        0.0342       -146.817
        0.0345       -143.856
        0.0348       -140.974
        0.0351       -138.172
        0.0354       -135.448
        0.0357       -132.802
         0.036       -130.232
        0.0363       -127.738
        0.0366       -125.319
        0.0369       -122.975
        0.0372       -120.704
        0.0375       -118.507
        0.0378       -116.384
        0.0381       -114.333
        0.0384       -112.354
        0.0387       -110.447
         0.039       -108.611
        0.0393       -106.845
        0.0396       -105.147
        0.0399       -103.519
        0.0402       -101.957
        0.0405       -100.461
        0.0408       -99.0312
        0.0411       -97.6659
        0.0414       -96.3648
        0.0417       -95.1276
         0.042       -93.9539
        0.0423       -92.8435
        0.0426       -91.7962
        0.0429       -90.8117
        0.0432       -89.8897
        0.0435       -89.0297
        0.0438       -88.2313
        0.0441       -87.4938
        0.0444       -86.8168
        0.0447       -86.1997
         0.045       -85.6419
        0.0453       -85.1431
        0.0456        -84.703
        0.0459       -84.3215
        0.0462       -83.9984
        0.0465       -83.7338
        0.0468       -83.5278
        0.0471       -83.3805
        0.0474       -83.2921
        0.0477       -83.2625
