# iteration    r (m)    potential (V)
         1         -0.048              0
         1        -0.0477              0
         1        -0.0474              0
         1        -0.0471              0
         1        -0.0468              0
         1        -0.0465              0
         1        -0.0462              0
         1        -0.0459              0
         1        -0.0456              0
         1        -0.0453              0
         1         -0.045              0
         1        -0.0447              0
         1        -0.0444              0
         1        -0.0441              0
         1        -0.0438              0
         1        -0.0435              0
         1        -0.0432              0
         1        -0.0429              0
         1        -0.0426              0
         1        -0.0423              0
         1         -0.042              0
         1        -0.0417              0
         1        -0.0414              0
         1        -0.0411              0
         1        -0.0408              0
         1        -0.0405              0
         1        -0.0402              0
         1        -0.0399              0
         1        -0.0396              0
         1        -0.0393              0
         1         -0.039              0
         1        -0.0387              0
         1        -0.0384              0
         1        -0.0381              0
         1        -0.0378              0
         1        -0.0375              0
         1        -0.0372              0
         1        -0.0369              0
         1        -0.0366              0
         1        -0.0363              0
         1         -0.036              0
         1        -0.0357              0
         1        -0.0354              0
         1        -0.0351              0
         1        -0.0348              0
         1        -0.0345              0
         1        -0.0342              0
         1        -0.0339              0
         1        -0.0336              0
         1        -0.0333              0
         1         -0.033              0
         1        -0.0327              0
         1        -0.0324              0
         1        -0.0321              0
         1        -0.0318              0
         1        -0.0315              0
         1        -0.0312              0
         1        -0.0309              0
         1        -0.0306              0
         1        -0.0303              0
         1          -0.03       -0.39765
         1        -0.0297       -1.68882
         1        -0.0294       -2.99283
         1        -0.0291       -4.31099
         1        -0.0288        -5.6449
         1        -0.0285       -6.99639
         1        -0.0282       -8.36745
         1        -0.0279        -9.7602
         1        -0.0276       -11.1769
         1        -0.0273       -12.6198
         1         -0.027       -14.0916
         1        -0.0267       -15.5947
         1        -0.0264        -17.132
         1        -0.0261       -18.7064
         1        -0.0258        -20.321
         1        -0.0255        -21.979
         1        -0.0252       -23.6839
         1        -0.0249       -25.4394
         1        -0.0246       -27.2494
         1        -0.0243       -29.1179
         1         -0.024       -31.0495
         1        -0.0237       -33.0486
         1        -0.0234       -35.1203
         1        -0.0231       -37.2698
         1        -0.0228       -39.5024
         1        -0.0225       -41.8242
         1        -0.0222       -44.2412
         1        -0.0219       -46.7599
         1        -0.0216       -49.3873
         1        -0.0213       -52.1304
         1         -0.021       -54.9968
         1        -0.0207       -57.9945
         1        -0.0204       -61.1317
         1        -0.0201       -64.4171
         1        -0.0198       -67.8597
         1        -0.0195       -71.4689
         1        -0.0192       -75.2545
         1        -0.0189       -79.2266
         1        -0.0186       -83.3956
         1        -0.0183       -87.7726
         1         -0.018       -92.3688
         1        -0.0177       -97.1959
         1        -0.0174       -102.266
         1        -0.0171       -107.592
         1        -0.0168       -113.188
         1        -0.0165       -119.066
         1        -0.0162       -125.241
         1        -0.0159        -131.73
         1        -0.0156       -138.548
         1        -0.0153       -145.712
         1         -0.015       -153.241
         1        -0.0147       -161.155
         1        -0.0144       -169.475
         1        -0.0141       -178.224
         1        -0.0138       -187.429
         1        -0.0135       -197.116
         1        -0.0132       -207.316
         1        -0.0129       -218.063
         1        -0.0126       -229.394
         1        -0.0123       -241.351
         1         -0.012       -253.978
         1        -0.0117       -267.329
         1        -0.0114        -281.46
         1        -0.0111       -296.438
         1        -0.0108       -312.337
         1        -0.0105       -329.241
         1        -0.0102       -347.247
         1        -0.0099       -366.467
         1        -0.0096        -387.03
         1        -0.0093       -409.086
         1         -0.009       -432.814
         1        -0.0087       -458.423
         1        -0.0084       -486.166
         1        -0.0081       -516.351
         1        -0.0078       -549.355
         1        -0.0075       -585.651
         1        -0.0072        -625.84
         1        -0.0069       -670.709
         1        -0.0066       -721.303
         1        -0.0063       -779.036
         1         -0.006       -845.766
         1        -0.0057       -923.246
         1        -0.0054          -1000
         1        -0.0051          -1000
         1        -0.0048          -1000
         1        -0.0045       -998.322
         1        -0.0042       -984.726
         1        -0.0039       -972.217
         1        -0.0036       -961.696
         1        -0.0033       -953.188
         1         -0.003       -946.506
         1        -0.0027       -941.416
         1        -0.0024       -937.675
         1        -0.0021       -935.046
         1        -0.0018       -933.307
         1        -0.0015       -932.247
         1        -0.0012       -931.676
         1        -0.0009       -931.425
         1        -0.0006       -931.352
         1        -0.0003       -931.353
         1              0       -931.361
         1         0.0003       -931.353
         1         0.0006       -931.352
         1         0.0009       -931.423
         1         0.0012       -931.674
         1         0.0015       -932.245
         1         0.0018       -933.304
         1         0.0021       -935.042
         1         0.0024       -937.669
         1         0.0027        -941.41
         1          0.003       -946.498
         1         0.0033       -953.178
         1         0.0036       -961.685
         1         0.0039       -972.205
         1         0.0042       -984.714
         1         0.0045       -998.311
         1         0.0048          -1000
         1         0.0051          -1000
         1         0.0054          -1000
         1         0.0057       -923.371
         1          0.006       -845.859
         1         0.0063       -779.129
         1         0.0066       -721.398
         1         0.0069       -670.808
         1         0.0072       -625.944
         1         0.0075       -585.759
         1         0.0078       -549.469
         1         0.0081       -516.472
         1         0.0084       -486.296
         1         0.0087       -458.562
         1          0.009       -432.963
         1         0.0093       -409.247
         1         0.0096       -387.204
         1         0.0099       -366.655
         1         0.0102        -347.45
         1         0.0105        -329.46
         1         0.0108       -312.572
         1         0.0111       -296.691
         1         0.0114       -281.731
         1         0.0117       -267.619
         1          0.012       -254.288
         1         0.0123        -241.68
         1         0.0126       -229.744
         1         0.0129       -218.433
         1         0.0132       -207.707
         1         0.0135       -197.526
         1         0.0138       -187.859
         1         0.0141       -178.673
         1         0.0144       -169.942
         1         0.0147       -161.639
         1          0.015       -153.742
         1         0.0153       -146.227
         1         0.0156       -139.077
         1         0.0159        -132.27
         1         0.0162       -125.792
         1         0.0165       -119.624
         1         0.0168       -113.752
         1         0.0171       -108.161
         1         0.0174       -102.836
         1         0.0177       -97.7657
         1          0.018       -92.9363
         1         0.0183       -88.3359
         1         0.0186       -83.9528
         1         0.0189       -79.7757
         1         0.0192       -75.7941
         1         0.0195       -71.9974
         1         0.0198       -68.3756
         1         0.0201       -64.9193
         1         0.0204        -61.619
         1         0.0207       -58.4661
         1          0.021        -55.452
         1         0.0213       -52.5684
         1         0.0216       -49.8078
         1         0.0219       -47.1626
         1         0.0222       -44.6258
         1         0.0225       -42.1907
         1         0.0228       -39.8508
         1         0.0231          -37.6
         1         0.0234       -35.4327
         1         0.0237       -33.3434
         1          0.024       -31.3268
         1         0.0243       -29.3782
         1         0.0246       -27.4929
         1         0.0249       -25.6666
         1         0.0252       -23.8952
         1         0.0255       -22.1747
         1         0.0258       -20.5016
         1         0.0261       -18.8723
         1         0.0264       -17.2835
         1         0.0267       -15.7323
         1          0.027       -14.2155
         1         0.0273       -12.7305
         1         0.0276       -11.2746
         1         0.0279       -9.84534
         1         0.0282       -8.44026
         1         0.0285       -7.05712
         1         0.0288       -5.69379
         1         0.0291       -4.34826
         1         0.0294       -3.01867
         1         0.0297       -1.70338
         1           0.03      -0.401077
         1         0.0303              0
         1         0.0306              0
         1         0.0309              0
         1         0.0312              0
         1         0.0315              0
         1         0.0318              0
         1         0.0321              0
         1         0.0324              0
         1         0.0327              0
         1          0.033              0
         1         0.0333              0
         1         0.0336              0
         1         0.0339              0
         1         0.0342              0
         1         0.0345              0
         1         0.0348              0
         1         0.0351              0
         1         0.0354              0
         1         0.0357              0
         1          0.036              0
         1         0.0363              0
         1         0.0366              0
         1         0.0369              0
         1         0.0372              0
         1         0.0375              0
         1         0.0378              0
         1         0.0381              0
         1         0.0384              0
         1         0.0387              0
         1          0.039              0
         1         0.0393              0
         1         0.0396              0
         1         0.0399              0
         1         0.0402              0
         1         0.0405              0
         1         0.0408              0
         1         0.0411              0
         1         0.0414              0
         1         0.0417              0
         1          0.042              0
         1         0.0423              0
         1         0.0426              0
         1         0.0429              0
         1         0.0432              0
         1         0.0435              0
         1         0.0438              0
         1         0.0441              0
         1         0.0444              0
         1         0.0447              0
         1          0.045              0
         1         0.0453              0
         1         0.0456              0
         1         0.0459              0
         1         0.0462              0
         1         0.0465              0
         1         0.0468              0
         1         0.0471              0
         1         0.0474              0
         1         0.0477              0
         2         -0.048              0
         2        -0.0477              0
         2        -0.0474              0
         2        -0.0471              0
         2        -0.0468              0
         2        -0.0465              0
         2        -0.0462              0
         2        -0.0459              0
         2        -0.0456              0
         2        -0.0453              0
         2         -0.045              0
         2        -0.0447              0
         2        -0.0444              0
         2        -0.0441              0
         2        -0.0438              0
         2        -0.0435              0
         2        -0.0432              0
         2        -0.0429              0
         2        -0.0426              0
         2        -0.0423              0
         2         -0.042              0
         2        -0.0417              0
         2        -0.0414              0
         2        -0.0411              0
         2        -0.0408              0
         2        -0.0405              0
         2        -0.0402              0
         2        -0.0399              0
         2        -0.0396              0
         2        -0.0393              0
         2         -0.039              0
         2        -0.0387              0
         2        -0.0384              0
         2        -0.0381              0
         2        -0.0378              0
         2        -0.0375              0
         2        -0.0372              0
         2        -0.0369              0
         2        -0.0366              0
         2        -0.0363              0
         2         -0.036              0
         2        -0.0357              0
         2        -0.0354              0
         2        -0.0351              0
         2        -0.0348              0
         2        -0.0345              0
         2        -0.0342              0
         2        -0.0339              0
         2        -0.0336              0
         2        -0.0333              0
         2         -0.033              0
         2        -0.0327              0
         2        -0.0324              0
         2        -0.0321              0
         2        -0.0318              0
         2        -0.0315              0
         2        -0.0312              0
         2        -0.0309              0
         2        -0.0306              0
         2        -0.0303              0
         2          -0.03       -1.72716
         2        -0.0297       -7.33435
         2        -0.0294       -12.9917
         2        -0.0291       -18.7005
         2        -0.0288       -24.4631
         2        -0.0285       -30.2828
         2        -0.0282       -36.1635
         2        -0.0279       -42.1094
         2        -0.0276       -48.1251
         2        -0.0273       -54.2157
         2         -0.027       -60.3865
         2        -0.0267       -66.6433
         2        -0.0264       -72.9923
         2        -0.0261       -79.4401
         2        -0.0258       -85.9939
         2        -0.0255       -92.6615
         2        -0.0252       -99.4512
         2        -0.0249       -106.372
         2        -0.0246       -113.433
         2        -0.0243       -120.645
         2         -0.024       -128.018
         2        -0.0237       -135.565
         2        -0.0234       -143.298
         2        -0.0231        -151.23
         2        -0.0228       -159.376
         2        -0.0225        -167.75
         2        -0.0222       -176.368
         2        -0.0219       -185.247
         2        -0.0216       -194.403
         2        -0.0213       -203.854
         2         -0.021       -213.619
         2        -0.0207       -223.717
         2        -0.0204       -234.166
         2        -0.0201       -244.986
         2        -0.0198       -256.197
         2        -0.0195       -267.818
         2        -0.0192       -279.867
         2        -0.0189       -292.364
         2        -0.0186       -305.326
         2        -0.0183        -318.77
         2         -0.018       -332.713
         2        -0.0177       -347.167
         2        -0.0174       -362.148
         2        -0.0171       -377.665
         2        -0.0168       -393.729
         2        -0.0165       -410.347
         2        -0.0162       -427.524
         2        -0.0159       -445.265
         2        -0.0156       -463.569
         2        -0.0153       -482.435
         2         -0.015       -501.859
         2        -0.0147       -521.835
         2        -0.0144       -542.354
         2        -0.0141       -563.403
         2        -0.0138       -584.968
         2        -0.0135        -607.03
         2        -0.0132       -629.568
         2        -0.0129       -652.557
         2        -0.0126       -675.966
         2        -0.0123        -699.76
         2         -0.012       -723.901
         2        -0.0117       -748.339
         2        -0.0114       -773.021
         2        -0.0111       -797.883
         2        -0.0108       -822.848
         2        -0.0105       -847.829
         2        -0.0102       -872.721
         2        -0.0099       -897.399
         2        -0.0096       -921.713
         2        -0.0093       -945.487
         2         -0.009       -968.503
         2        -0.0087         -990.5
         2        -0.0084       -1011.16
         2        -0.0081        -1030.1
         2        -0.0078       -1046.82
         2        -0.0075       -1060.75
         2        -0.0072       -1071.13
         2        -0.0069       -1077.06
         2        -0.0066       -1077.39
         2        -0.0063       -1070.72
         2         -0.006       -1055.44
         2        -0.0057       -1030.19
         2        -0.0054          -1000
         2        -0.0051          -1000
         2        -0.0048          -1000
         2        -0.0045       -1005.47
         2        -0.0042       -1049.69
         2        -0.0039       -1090.65
         2        -0.0036       -1125.44
         2        -0.0033       -1153.85
         2         -0.003       -1176.33
         2        -0.0027       -1193.54
         2        -0.0024       -1206.18
         2        -0.0021       -1214.99
         2        -0.0018        -1220.7
         2        -0.0015       -1224.01
         2        -0.0012       -1225.57
         2        -0.0009       -1225.98
         2        -0.0006       -1225.73
         2        -0.0003       -1225.21
         2              0       -1224.67
         2         0.0003       -1224.19
         2         0.0006       -1223.74
         2         0.0009       -1223.09
         2         0.0012        -1221.9
         2         0.0015       -1219.71
         2         0.0018       -1215.95
         2         0.0021       -1209.98
         2         0.0024       -1201.11
         2         0.0027       -1188.62
         2          0.003       -1171.77
         2         0.0033       -1149.84
         2         0.0036       -1122.17
         2         0.0039        -1088.3
         2         0.0042       -1048.41
         2         0.0045       -1005.35
         2         0.0048          -1000
         2         0.0051          -1000
         2         0.0054          -1000
         2         0.0057       -1026.44
         2          0.006       -1048.13
         2         0.0063       -1060.45
         2         0.0066       -1064.69
         2         0.0069       -1062.35
         2         0.0072       -1054.75
         2         0.0075       -1042.99
         2         0.0078       -1027.94
         2         0.0081       -1010.31
         2         0.0084       -990.651
         2         0.0087       -969.436
         2          0.009       -947.033
         2         0.0093       -923.742
         2         0.0096       -899.812
         2         0.0099       -875.444
         2         0.0102       -850.807
         2         0.0105        -826.04
         2         0.0108       -801.257
         2         0.0111       -776.557
         2         0.0114       -752.019
         2         0.0117       -727.713
         2          0.012       -703.695
         2         0.0123       -680.016
         2         0.0126       -656.715
         2         0.0129       -633.829
         2         0.0132       -611.386
         2         0.0135       -589.412
         2         0.0138       -567.928
         2         0.0141       -546.951
         2         0.0144       -526.495
         2         0.0147        -506.57
         2          0.015       -487.186
         2         0.0153       -468.348
         2         0.0156        -450.06
         2         0.0159       -432.323
         2         0.0162       -415.135
         2         0.0165       -398.494
         2         0.0168       -382.395
         2         0.0171       -366.831
         2         0.0174       -351.793
         2         0.0177       -337.271
         2          0.018       -323.254
         2         0.0183       -309.728
         2         0.0186       -296.679
         2         0.0189       -284.092
         2         0.0192        -271.95
         2         0.0195       -260.236
         2         0.0198       -248.934
         2         0.0201       -238.025
         2         0.0204       -227.492
         2         0.0207       -217.315
         2          0.021       -207.478
         2         0.0213       -197.962
         2         0.0216        -188.75
         2         0.0219       -179.824
         2         0.0222       -171.169
         2         0.0225       -162.767
         2         0.0228       -154.605
         2         0.0231       -146.666
         2         0.0234       -138.937
         2         0.0237       -131.405
         2          0.024       -124.057
         2         0.0243        -116.88
         2         0.0246       -109.865
         2         0.0249       -102.999
         2         0.0252       -96.2734
         2         0.0255       -89.6787
         2         0.0258        -83.206
         2         0.0261       -76.8471
         2         0.0264       -70.5946
         2         0.0267       -64.4411
         2          0.027       -58.3801
         2         0.0273       -52.4052
         2         0.0276       -46.5107
         2         0.0279        -40.691
         2         0.0282        -34.941
         2         0.0285        -29.256
         2         0.0288       -23.6315
         2         0.0291       -18.0635
         2         0.0294       -12.5485
         2         0.0297       -7.08389
         2           0.03       -1.66815
         2         0.0303              0
         2         0.0306              0
         2         0.0309              0
         2         0.0312              0
         2         0.0315              0
         2         0.0318              0
         2         0.0321              0
         2         0.0324              0
         2         0.0327              0
         2          0.033              0
         2         0.0333              0
         2         0.0336              0
         2         0.0339              0
         2         0.0342              0
         2         0.0345              0
         2         0.0348              0
         2         0.0351              0
         2         0.0354              0
         2         0.0357              0
         2          0.036              0
         2         0.0363              0
         2         0.0366              0
         2         0.0369              0
         2         0.0372              0
         2         0.0375              0
         2         0.0378              0
         2         0.0381              0
         2         0.0384              0
         2         0.0387              0
         2          0.039              0
         2         0.0393              0
         2         0.0396              0
         2         0.0399              0
         2         0.0402              0
         2         0.0405              0
         2         0.0408              0
         2         0.0411              0
         2         0.0414              0
         2         0.0417              0
         2          0.042              0
         2         0.0423              0
         2         0.0426              0
         2         0.0429              0
         2         0.0432              0
         2         0.0435              0
         2         0.0438              0
         2         0.0441              0
         2         0.0444              0
         2         0.0447              0
         2          0.045              0
         2         0.0453              0
         2         0.0456              0
         2         0.0459              0
         2         0.0462              0
         2         0.0465              0
         2         0.0468              0
         2         0.0471              0
         2         0.0474              0
         2         0.0477              0
         3         -0.048              0
         3        -0.0477              0
         3        -0.0474              0
         3        -0.0471              0
         3        -0.0468              0
         3        -0.0465              0
         3        -0.0462              0
         3        -0.0459              0
         3        -0.0456              0
         3        -0.0453              0
         3         -0.045              0
         3        -0.0447              0
         3        -0.0444              0
         3        -0.0441              0
         3        -0.0438              0
         3        -0.0435              0
         3        -0.0432              0
         3        -0.0429              0
         3        -0.0426              0
         3        -0.0423              0
         3         -0.042              0
         3        -0.0417              0
         3        -0.0414              0
         3        -0.0411              0
         3        -0.0408              0
         3        -0.0405              0
         3        -0.0402              0
         3        -0.0399              0
         3        -0.0396              0
         3        -0.0393              0
         3         -0.039              0
         3        -0.0387              0
         3        -0.0384              0
         3        -0.0381              0
         3        -0.0378              0
         3        -0.0375              0
         3        -0.0372              0
         3        -0.0369              0
         3        -0.0366              0
         3        -0.0363              0
         3         -0.036              0
         3        -0.0357              0
         3        -0.0354              0
         3        -0.0351              0
         3        -0.0348              0
         3        -0.0345              0
         3        -0.0342              0
         3        -0.0339              0
         3        -0.0336              0
         3        -0.0333              0
         3         -0.033              0
         3        -0.0327              0
         3        -0.0324              0
         3        -0.0321              0
         3        -0.0318              0
         3        -0.0315              0
         3        -0.0312              0
         3        -0.0309              0
         3        -0.0306              0
         3        -0.0303              0
         3          -0.03       -2.13042
         3        -0.0297       -9.01752
         3        -0.0294       -15.9137
         3        -0.0291       -22.8187
         3        -0.0288       -29.7354
         3        -0.0285       -36.6676
         3        -0.0282       -43.6197
         3        -0.0279       -50.5965
         3        -0.0276       -57.6034
         3        -0.0273       -64.6457
         3         -0.027       -71.7292
         3        -0.0267       -78.8605
         3        -0.0264       -86.0469
         3        -0.0261       -93.2955
         3        -0.0258       -100.615
         3        -0.0255       -108.013
         3        -0.0252       -115.499
         3        -0.0249       -123.082
         3        -0.0246       -130.772
         3        -0.0243        -138.58
         3         -0.024       -146.517
         3        -0.0237       -154.596
         3        -0.0234       -162.829
         3        -0.0231       -171.231
         3        -0.0228       -179.814
         3        -0.0225       -188.595
         3        -0.0222       -197.589
         3        -0.0219       -206.812
         3        -0.0216       -216.282
         3        -0.0213       -226.018
         3         -0.021       -236.037
         3        -0.0207       -246.357
         3        -0.0204       -256.999
         3        -0.0201       -267.983
         3        -0.0198       -279.328
         3        -0.0195       -291.056
         3        -0.0192       -303.186
         3        -0.0189       -315.735
         3        -0.0186       -328.725
         3        -0.0183       -342.172
         3         -0.018       -356.095
         3        -0.0177       -370.511
         3        -0.0174       -385.434
         3        -0.0171       -400.876
         3        -0.0168       -416.847
         3        -0.0165        -433.36
         3        -0.0162       -450.424
         3        -0.0159       -468.045
         3        -0.0156        -486.23
         3        -0.0153       -504.981
         3         -0.015       -524.301
         3        -0.0147       -544.188
         3        -0.0144       -564.637
         3        -0.0141        -585.64
         3        -0.0138       -607.188
         3        -0.0135       -629.268
         3        -0.0132       -651.866
         3        -0.0129        -674.96
         3        -0.0126       -698.529
         3        -0.0123       -722.545
         3         -0.012       -746.974
         3        -0.0117        -771.78
         3        -0.0114       -796.924
         3        -0.0111        -822.35
         3        -0.0108       -847.985
         3        -0.0105       -873.738
         3        -0.0102       -899.496
         3        -0.0099       -925.112
         3        -0.0096         -950.4
         3        -0.0093       -975.161
         3         -0.009       -999.166
         3        -0.0087       -1022.14
         3        -0.0084       -1043.73
         3        -0.0081       -1063.45
         3        -0.0078       -1080.68
         3        -0.0075       -1094.73
         3        -0.0072       -1104.68
         3        -0.0069       -1109.34
         3        -0.0066       -1107.24
         3        -0.0063       -1096.41
         3         -0.006       -1074.73
         3        -0.0057        -1040.4
         3        -0.0054          -1000
         3        -0.0051          -1000
         3        -0.0048          -1000
         3        -0.0045       -1020.11
         3        -0.0042       -1178.99
         3        -0.0039       -1323.65
         3        -0.0036        -1447.4
         3        -0.0033       -1552.09
         3         -0.003       -1638.97
         3        -0.0027        -1712.2
         3        -0.0024       -1771.44
         3        -0.0021       -1820.21
         3        -0.0018       -1857.97
         3        -0.0015       -1886.18
         3        -0.0012       -1908.26
         3        -0.0009        -1924.3
         3        -0.0006       -1934.76
         3        -0.0003       -1941.01
         3              0       -1943.61
         3         0.0003        -1942.1
         3         0.0006       -1936.28
         3         0.0009       -1925.54
         3         0.0012       -1909.12
         3         0.0015       -1886.61
         3         0.0018       -1857.26
         3         0.0021       -1818.44
         3         0.0024       -1770.14
         3         0.0027       -1711.02
         3          0.003       -1637.69
         3         0.0033       -1550.87
         3         0.0036       -1446.31
         3         0.0039       -1322.79
         3         0.0042        -1178.5
         3         0.0045       -1020.11
         3         0.0048          -1000
         3         0.0051          -1000
         3         0.0054          -1000
         3         0.0057       -1036.44
         3          0.006       -1067.03
         3         0.0063       -1085.58
         3         0.0066       -1093.82
         3         0.0069       -1093.89
         3         0.0072       -1087.56
         3         0.0075       -1076.21
         3         0.0078       -1061.04
         3         0.0081       -1042.99
         3         0.0084       -1022.75
         3         0.0087       -1000.81
         3          0.009       -977.598
         3         0.0093       -953.477
         3         0.0096        -928.74
         3         0.0099       -903.602
         3         0.0102       -878.243
         3         0.0105       -852.807
         3         0.0108       -827.418
         3         0.0111       -802.182
         3         0.0114       -777.182
         3         0.0117       -752.488
         3          0.012       -728.148
         3         0.0123       -704.205
         3         0.0126       -680.694
         3         0.0129        -657.65
         3         0.0132       -635.094
         3         0.0135       -613.044
         3         0.0138       -591.516
         3         0.0141       -570.523
         3         0.0144       -550.072
         3         0.0147       -530.169
         3          0.015       -510.817
         3         0.0153       -492.017
         3         0.0156       -473.769
         3         0.0159       -456.072
         3         0.0162       -438.922
         3         0.0165       -422.316
         3         0.0168       -406.245
         3         0.0171       -390.698
         3         0.0174       -375.664
         3         0.0177       -361.131
         3          0.018       -347.085
         3         0.0183       -333.514
         3         0.0186       -320.402
         3         0.0189       -307.732
         3         0.0192       -295.486
         3         0.0195       -283.644
         3         0.0198       -272.188
         3         0.0201         -261.1
         3         0.0204       -250.362
         3         0.0207       -239.956
         3          0.021       -229.862
         3         0.0213       -220.064
         3         0.0216       -210.544
         3         0.0219       -201.285
         3         0.0222        -192.27
         3         0.0225       -183.482
         3         0.0228       -174.905
         3         0.0231       -166.524
         3         0.0234       -158.325
         3         0.0237       -150.293
         3          0.024       -142.416
         3         0.0243       -134.679
         3         0.0246       -127.072
         3         0.0249       -119.584
         3         0.0252       -112.204
         3         0.0255       -104.922
         3         0.0258       -97.7292
         3         0.0261       -90.6161
         3         0.0264       -83.5745
         3         0.0267       -76.5964
         3          0.027       -69.6745
         3         0.0273       -62.8015
         3         0.0276       -55.9708
         3         0.0279       -49.1753
         3         0.0282       -42.4088
         3         0.0285       -35.6651
         3         0.0288       -28.9383
         3         0.0291       -22.2227
         3         0.0294       -15.5129
         3         0.0297       -8.80275
         3           0.03       -2.08526
         3         0.0303              0
         3         0.0306              0
         3         0.0309              0
         3         0.0312              0
         3         0.0315              0
         3         0.0318              0
         3         0.0321              0
         3         0.0324              0
         3         0.0327              0
         3          0.033              0
         3         0.0333              0
         3         0.0336              0
         3         0.0339              0
         3         0.0342              0
         3         0.0345              0
         3         0.0348              0
         3         0.0351              0
         3         0.0354              0
         3         0.0357              0
         3          0.036              0
         3         0.0363              0
         3         0.0366              0
         3         0.0369              0
         3         0.0372              0
         3         0.0375              0
         3         0.0378              0
         3         0.0381              0
         3         0.0384              0
         3         0.0387              0
         3          0.039              0
         3         0.0393              0
         3         0.0396              0
         3         0.0399              0
         3         0.0402              0
         3         0.0405              0
         3         0.0408              0
         3         0.0411              0
         3         0.0414              0
         3         0.0417              0
         3          0.042              0
         3         0.0423              0
         3         0.0426              0
         3         0.0429              0
         3         0.0432              0
         3         0.0435              0
         3         0.0438              0
         3         0.0441              0
         3         0.0444              0
         3         0.0447              0
         3          0.045              0
         3         0.0453              0
         3         0.0456              0
         3         0.0459              0
         3         0.0462              0
         3         0.0465              0
         3         0.0468              0
         3         0.0471              0
         3         0.0474              0
         3         0.0477              0
         4         -0.048              0
         4        -0.0477              0
         4        -0.0474              0
         4        -0.0471              0
         4        -0.0468              0
         4        -0.0465              0
         4        -0.0462              0
         4        -0.0459              0
         4        -0.0456              0
         4        -0.0453              0
         4         -0.045              0
         4        -0.0447              0
         4        -0.0444              0
         4        -0.0441              0
         4        -0.0438              0
         4        -0.0435              0
         4        -0.0432              0
         4        -0.0429              0
         4        -0.0426              0
         4        -0.0423              0
         4         -0.042              0
         4        -0.0417              0
         4        -0.0414              0
         4        -0.0411              0
         4        -0.0408              0
         4        -0.0405              0
         4        -0.0402              0
         4        -0.0399              0
         4        -0.0396              0
         4        -0.0393              0
         4         -0.039              0
         4        -0.0387              0
         4        -0.0384              0
         4        -0.0381              0
         4        -0.0378              0
         4        -0.0375              0
         4        -0.0372              0
         4        -0.0369              0
         4        -0.0366              0
         4        -0.0363              0
         4         -0.036              0
         4        -0.0357              0
         4        -0.0354              0
         4        -0.0351              0
         4        -0.0348              0
         4        -0.0345              0
         4        -0.0342              0
         4        -0.0339              0
         4        -0.0336              0
         4        -0.0333              0
         4         -0.033              0
         4        -0.0327              0
         4        -0.0324              0
         4        -0.0321              0
         4        -0.0318              0
         4        -0.0315              0
         4        -0.0312              0
         4        -0.0309              0
         4        -0.0306              0
         4        -0.0303              0
         4          -0.03       -2.12345
         4        -0.0297       -8.99592
         4        -0.0294       -15.8896
         4        -0.0291       -22.8037
         4        -0.0288       -29.7404
         4        -0.0285       -36.7031
         4        -0.0282       -43.6957
         4        -0.0279       -50.7225
         4        -0.0276       -57.7883
         4        -0.0273       -64.8983
         4         -0.027       -72.0577
         4        -0.0267       -79.2727
         4        -0.0264         -86.55
         4        -0.0261       -93.8966
         4        -0.0258        -101.32
         4        -0.0255       -108.829
         4        -0.0252       -116.431
         4        -0.0249       -124.137
         4        -0.0246       -131.955
         4        -0.0243       -139.897
         4         -0.024       -147.974
         4        -0.0237       -156.197
         4        -0.0234       -164.581
         4        -0.0231       -173.137
         4        -0.0228       -181.881
         4        -0.0225       -190.827
         4        -0.0222       -199.992
         4        -0.0219       -209.391
         4        -0.0216       -219.042
         4        -0.0213       -228.964
         4         -0.021       -239.174
         4        -0.0207       -249.691
         4        -0.0204       -260.536
         4        -0.0201       -271.728
         4        -0.0198       -283.287
         4        -0.0195       -295.235
         4        -0.0192       -307.591
         4        -0.0189       -320.376
         4        -0.0186       -333.609
         4        -0.0183       -347.309
         4         -0.018       -361.495
         4        -0.0177       -376.185
         4        -0.0174       -391.394
         4        -0.0171       -407.135
         4        -0.0168       -423.421
         4        -0.0165       -440.264
         4        -0.0162       -457.675
         4        -0.0159       -475.663
         4        -0.0156       -494.233
         4        -0.0153       -513.392
         4         -0.015       -533.145
         4        -0.0147       -553.494
         4        -0.0144       -574.437
         4        -0.0141       -595.971
         4        -0.0138       -618.089
         4        -0.0135       -640.783
         4        -0.0132       -664.039
         4        -0.0129       -687.843
         4        -0.0126       -712.178
         4        -0.0123        -737.02
         4         -0.012       -762.342
         4        -0.0117       -788.111
         4        -0.0114       -814.291
         4        -0.0111       -840.838
         4        -0.0108       -867.685
         4        -0.0105       -894.746
         4        -0.0102       -921.916
         4        -0.0099        -949.06
         4        -0.0096       -976.004
         4        -0.0093       -1002.56
         4         -0.009       -1028.51
         4        -0.0087       -1053.55
         4        -0.0084       -1077.24
         4        -0.0081          -1099
         4        -0.0078       -1118.07
         4        -0.0075       -1133.54
         4        -0.0072       -1144.43
         4        -0.0069       -1149.25
         4        -0.0066       -1146.05
         4        -0.0063       -1132.25
         4         -0.006       -1104.12
         4        -0.0057       -1057.22
         4        -0.0054          -1000
         4        -0.0051          -1000
         4        -0.0048          -1000
         4        -0.0045       -1016.71
         4        -0.0042       -1149.13
         4        -0.0039       -1269.78
         4        -0.0036       -1372.68
         4        -0.0033       -1459.11
         4         -0.003       -1530.24
         4        -0.0027       -1589.39
         4        -0.0024       -1636.66
         4        -0.0021       -1674.87
         4        -0.0018       -1703.98
         4        -0.0015       -1725.32
         4        -0.0012        -1741.6
         4        -0.0009       -1753.14
         4        -0.0006       -1760.49
         4        -0.0003       -1764.74
         4              0       -1766.41
         4         0.0003       -1765.25
         4         0.0006       -1761.06
         4         0.0009       -1753.33
         4         0.0012       -1741.36
         4         0.0015       -1724.66
         4         0.0018       -1702.43
         4         0.0021       -1672.55
         4         0.0024       -1634.67
         4         0.0027       -1587.54
         4          0.003       -1528.39
         4         0.0033       -1457.37
         4         0.0036       -1371.15
         4         0.0039       -1268.58
         4         0.0042       -1148.43
         4         0.0045       -1016.68
         4         0.0048          -1000
         4         0.0051          -1000
         4         0.0054          -1000
         4         0.0057       -1057.41
         4          0.006       -1104.95
         4         0.0063       -1133.99
         4         0.0066       -1148.44
         4         0.0069       -1151.97
         4         0.0072       -1147.18
         4         0.0075       -1136.01
         4         0.0078       -1120.23
         4         0.0081       -1101.12
         4         0.0084       -1079.49
         4         0.0087       -1055.93
         4          0.009       -1030.97
         4         0.0093       -1005.03
         4         0.0096       -978.484
         4         0.0099       -951.574
         4         0.0102        -924.49
         4         0.0105       -897.376
         4         0.0108       -870.354
         4         0.0111       -843.535
         4         0.0114       -817.005
         4         0.0117       -790.834
         4          0.012       -765.078
         4         0.0123       -739.777
         4         0.0126       -714.966
         4         0.0129       -690.674
         4         0.0132       -666.923
         4         0.0135       -643.725
         4         0.0138       -621.094
         4         0.0141       -599.037
         4         0.0144       -577.562
         4         0.0147        -556.67
         4          0.015       -536.366
         4         0.0153       -516.649
         4         0.0156       -497.517
         4         0.0159       -478.968
         4         0.0162       -460.996
         4         0.0165       -443.594
         4         0.0168       -426.753
         4         0.0171       -410.461
         4         0.0174       -394.706
         4         0.0177       -379.473
         4          0.018        -364.75
         4         0.0183        -350.52
         4         0.0186       -336.767
         4         0.0189       -323.473
         4         0.0192        -310.62
         4         0.0195       -298.187
         4         0.0198       -286.156
         4         0.0201       -274.508
         4         0.0204       -263.222
         4         0.0207        -252.28
         4          0.021       -241.663
         4         0.0213       -231.352
         4         0.0216       -221.329
         4         0.0219       -211.577
         4         0.0222       -202.078
         4         0.0225       -192.815
         4         0.0228       -183.771
         4         0.0231       -174.931
         4         0.0234        -166.28
         4         0.0237       -157.805
         4          0.024       -149.491
         4         0.0243       -141.326
         4         0.0246       -133.297
         4         0.0249       -125.395
         4         0.0252       -117.607
         4         0.0255       -109.925
         4         0.0258       -102.338
         4         0.0261       -94.8388
         4         0.0264       -87.4184
         4         0.0267       -80.0694
         4          0.027       -72.7847
         4         0.0273       -65.5577
         4         0.0276        -58.382
         4         0.0279       -51.2514
         4         0.0282       -44.1603
         4         0.0285       -37.1031
         4         0.0288       -30.0747
         4         0.0291       -23.0703
         4         0.0294       -16.0852
         4         0.0297       -9.11513
         4           0.03       -2.15547
         4         0.0303              0
         4         0.0306              0
         4         0.0309              0
         4         0.0312              0
         4         0.0315              0
         4         0.0318              0
         4         0.0321              0
         4         0.0324              0
         4         0.0327              0
         4          0.033              0
         4         0.0333              0
         4         0.0336              0
         4         0.0339              0
         4         0.0342              0
         4         0.0345              0
         4         0.0348              0
         4         0.0351              0
         4         0.0354              0
         4         0.0357              0
         4          0.036              0
         4         0.0363              0
         4         0.0366              0
         4         0.0369              0
         4         0.0372              0
         4         0.0375              0
         4         0.0378              0
         4         0.0381              0
         4         0.0384              0
         4         0.0387              0
         4          0.039              0
         4         0.0393              0
         4         0.0396              0
         4         0.0399              0
         4         0.0402              0
         4         0.0405              0
         4         0.0408              0
         4         0.0411              0
         4         0.0414              0
         4         0.0417              0
         4          0.042              0
         4         0.0423              0
         4         0.0426              0
         4         0.0429              0
         4         0.0432              0
         4         0.0435              0
         4         0.0438              0
         4         0.0441              0
         4         0.0444              0
         4         0.0447              0
         4          0.045              0
         4         0.0453              0
         4         0.0456              0
         4         0.0459              0
         4         0.0462              0
         4         0.0465              0
         4         0.0468              0
         4         0.0471              0
         4         0.0474              0
         4         0.0477              0
         5         -0.048              0
         5        -0.0477              0
         5        -0.0474              0
         5        -0.0471              0
         5        -0.0468              0
         5        -0.0465              0
         5        -0.0462              0
         5        -0.0459              0
         5        -0.0456              0
         5        -0.0453              0
         5         -0.045              0
         5        -0.0447              0
         5        -0.0444              0
         5        -0.0441              0
         5        -0.0438              0
         5        -0.0435              0
         5        -0.0432              0
         5        -0.0429              0
         5        -0.0426              0
         5        -0.0423              0
         5         -0.042              0
         5        -0.0417              0
         5        -0.0414              0
         5        -0.0411              0
         5        -0.0408              0
         5        -0.0405              0
         5        -0.0402              0
         5        -0.0399              0
         5        -0.0396              0
         5        -0.0393              0
         5         -0.039              0
         5        -0.0387              0
         5        -0.0384              0
         5        -0.0381              0
         5        -0.0378              0
         5        -0.0375              0
         5        -0.0372              0
         5        -0.0369              0
         5        -0.0366              0
         5        -0.0363              0
         5         -0.036              0
         5        -0.0357              0
         5        -0.0354              0
         5        -0.0351              0
         5        -0.0348              0
         5        -0.0345              0
         5        -0.0342              0
         5        -0.0339              0
         5        -0.0336              0
         5        -0.0333              0
         5         -0.033              0
         5        -0.0327              0
         5        -0.0324              0
         5        -0.0321              0
         5        -0.0318              0
         5        -0.0315              0
         5        -0.0312              0
         5        -0.0309              0
         5        -0.0306              0
         5        -0.0303              0
         5          -0.03       -1.87451
         5        -0.0297       -7.94028
         5        -0.0294       -14.0256
         5        -0.0291       -20.1304
         5        -0.0288       -26.2571
         5        -0.0285       -32.4089
         5        -0.0282       -38.5896
         5        -0.0279       -44.8031
         5        -0.0276       -51.0541
         5        -0.0273       -57.3476
         5         -0.027       -63.6883
         5        -0.0267       -70.0821
         5        -0.0264       -76.5352
         5        -0.0261       -83.0541
         5        -0.0258       -89.6459
         5        -0.0255       -96.3181
         5        -0.0252       -103.079
         5        -0.0249       -109.936
         5        -0.0246         -116.9
         5        -0.0243       -123.979
         5         -0.024       -131.184
         5        -0.0237       -138.527
         5        -0.0234       -146.019
         5        -0.0231       -153.672
         5        -0.0228         -161.5
         5        -0.0225       -169.517
         5        -0.0222       -177.736
         5        -0.0219       -186.174
         5        -0.0216       -194.848
         5        -0.0213       -203.772
         5         -0.021       -212.965
         5        -0.0207       -222.444
         5        -0.0204       -232.228
         5        -0.0201       -242.335
         5        -0.0198       -252.785
         5        -0.0195       -263.596
         5        -0.0192       -274.787
         5        -0.0189       -286.379
         5        -0.0186        -298.39
         5        -0.0183       -310.838
         5         -0.018       -323.742
         5        -0.0177       -337.118
         5        -0.0174        -350.98
         5        -0.0171       -365.343
         5        -0.0168       -380.222
         5        -0.0165       -395.631
         5        -0.0162       -411.584
         5        -0.0159        -428.09
         5        -0.0156        -445.16
         5        -0.0153       -462.801
         5         -0.015       -481.023
         5        -0.0147       -499.832
         5        -0.0144       -519.231
         5        -0.0141        -539.22
         5        -0.0138       -559.799
         5        -0.0135       -580.968
         5        -0.0132       -602.724
         5        -0.0129       -625.063
         5        -0.0126       -647.979
         5        -0.0123       -671.462
         5         -0.012       -695.492
         5        -0.0117        -720.05
         5        -0.0114       -745.114
         5        -0.0111        -770.66
         5        -0.0108       -796.649
         5        -0.0105       -823.023
         5        -0.0102        -849.71
         5        -0.0099       -876.609
         5        -0.0096       -903.587
         5        -0.0093       -930.491
         5         -0.009       -957.149
         5        -0.0087       -983.311
         5        -0.0084       -1008.62
         5        -0.0081       -1032.61
         5        -0.0078       -1054.64
         5        -0.0075       -1073.95
         5        -0.0072       -1089.65
         5        -0.0069        -1100.5
         5        -0.0066       -1104.75
         5        -0.0063       -1100.03
         5         -0.006       -1082.37
         5        -0.0057       -1046.88
         5        -0.0054          -1000
         5        -0.0051          -1000
         5        -0.0048          -1000
         5        -0.0045       -1013.94
         5        -0.0042       -1124.69
         5        -0.0039       -1225.69
         5        -0.0036       -1311.63
         5        -0.0033       -1383.39
         5         -0.003       -1442.09
         5        -0.0027       -1490.33
         5        -0.0024       -1528.52
         5        -0.0021       -1558.95
         5        -0.0018        -1581.9
         5        -0.0015       -1598.52
         5        -0.0012       -1610.92
         5        -0.0009       -1619.59
         5        -0.0006       -1625.07
         5        -0.0003       -1628.22
         5              0        -1629.5
         5         0.0003       -1628.74
         5         0.0006       -1625.79
         5         0.0009       -1620.23
         5         0.0012       -1611.47
         5         0.0015       -1598.97
         5         0.0018       -1581.98
         5         0.0021       -1558.76
         5         0.0024       -1528.78
         5         0.0027       -1490.88
         5          0.003       -1442.76
         5         0.0033        -1384.1
         5         0.0036       -1312.23
         5         0.0039        -1226.1
         5         0.0042       -1124.89
         5         0.0045       -1014.01
         5         0.0048          -1000
         5         0.0051          -1000
         5         0.0054          -1000
         5         0.0057       -1036.39
         5          0.006       -1063.23
         5         0.0063       -1075.91
         5         0.0066       -1077.69
         5         0.0069       -1071.35
         5         0.0072       -1058.91
         5         0.0075       -1041.89
         5         0.0078       -1021.67
         5         0.0081       -999.271
         5         0.0084       -975.297
         5         0.0087       -950.211
         5          0.009       -924.399
         5         0.0093       -898.184
         5         0.0096       -871.821
         5         0.0099       -845.483
         5         0.0102         -819.3
         5         0.0105       -793.365
         5         0.0108       -767.756
         5         0.0111       -742.543
         5         0.0114       -717.777
         5         0.0117       -693.498
         5          0.012       -669.734
         5         0.0123       -646.506
         5         0.0126       -623.831
         5         0.0129       -601.723
         5         0.0132       -580.189
         5         0.0135       -559.231
         5         0.0138       -538.851
         5         0.0141        -519.05
         5         0.0144       -499.824
         5         0.0147       -481.171
         5          0.015       -463.087
         5         0.0153       -445.567
         5         0.0156       -428.605
         5         0.0159       -412.193
         5         0.0162       -396.322
         5         0.0165       -380.984
         5         0.0168       -366.165
         5         0.0171       -351.853
         5         0.0174       -338.034
         5         0.0177       -324.694
         5          0.018       -311.818
         5         0.0183        -299.39
         5         0.0186       -287.396
         5         0.0189       -275.818
         5         0.0192       -264.638
         5         0.0195       -253.839
         5         0.0198       -243.403
         5         0.0201       -233.312
         5         0.0204       -223.548
         5         0.0207       -214.095
         5          0.021       -204.934
         5         0.0213       -196.049
         5         0.0216       -187.424
         5         0.0219       -179.042
         5         0.0222       -170.888
         5         0.0225       -162.946
         5         0.0228       -155.203
         5         0.0231       -147.643
         5         0.0234       -140.255
         5         0.0237       -133.026
         5          0.024       -125.943
         5         0.0243       -118.996
         5         0.0246       -112.173
         5         0.0249       -105.466
         5         0.0252       -98.8633
         5         0.0255       -92.3577
         5         0.0258       -85.9404
         5         0.0261       -79.6038
         5         0.0264       -73.3405
         5         0.0267       -67.1441
         5          0.027        -61.008
         5         0.0273       -54.9262
         5         0.0276       -48.8931
         5         0.0279       -42.9032
         5         0.0282       -36.9516
         5         0.0285       -31.0334
         5         0.0288        -25.144
         5         0.0291       -19.2794
         5         0.0294       -13.4358
         5         0.0297        -7.6098
         5           0.03       -1.79835
         5         0.0303              0
         5         0.0306              0
         5         0.0309              0
         5         0.0312              0
         5         0.0315              0
         5         0.0318              0
         5         0.0321              0
         5         0.0324              0
         5         0.0327              0
         5          0.033              0
         5         0.0333              0
         5         0.0336              0
         5         0.0339              0
         5         0.0342              0
         5         0.0345              0
         5         0.0348              0
         5         0.0351              0
         5         0.0354              0
         5         0.0357              0
         5          0.036              0
         5         0.0363              0
         5         0.0366              0
         5         0.0369              0
         5         0.0372              0
         5         0.0375              0
         5         0.0378              0
         5         0.0381              0
         5         0.0384              0
         5         0.0387              0
         5          0.039              0
         5         0.0393              0
         5         0.0396              0
         5         0.0399              0
         5         0.0402              0
         5         0.0405              0
         5         0.0408              0
         5         0.0411              0
         5         0.0414              0
         5         0.0417              0
         5          0.042              0
         5         0.0423              0
         5         0.0426              0
         5         0.0429              0
         5         0.0432              0
         5         0.0435              0
         5         0.0438              0
         5         0.0441              0
         5         0.0444              0
         5         0.0447              0
         5          0.045              0
         5         0.0453              0
         5         0.0456              0
         5         0.0459              0
         5         0.0462              0
         5         0.0465              0
         5         0.0468              0
         5         0.0471              0
         5         0.0474              0
         5         0.0477              0
