# iteration    r (m)    potential (V)
         1         -0.048              0
         1        -0.0477              0
         1        -0.0474              0
         1        -0.0471              0
         1        -0.0468              0
         1        -0.0465              0
         1        -0.0462              0
         1        -0.0459              0
         1        -0.0456              0
         1        -0.0453              0
         1         -0.045              0
         1        -0.0447              0
         1        -0.0444              0
         1        -0.0441              0
         1        -0.0438              0
         1        -0.0435              0
         1        -0.0432              0
         1        -0.0429              0
         1        -0.0426              0
         1        -0.0423              0
         1         -0.042              0
         1        -0.0417              0
         1        -0.0414              0
         1        -0.0411              0
         1        -0.0408              0
         1        -0.0405              0
         1        -0.0402              0
         1        -0.0399              0
         1        -0.0396              0
         1        -0.0393              0
         1         -0.039              0
         1        -0.0387              0
         1        -0.0384              0
         1        -0.0381              0
         1        -0.0378              0
         1        -0.0375              0
         1        -0.0372              0
         1        -0.0369              0
         1        -0.0366              0
         1        -0.0363              0
         1         -0.036              0
         1        -0.0357              0
         1        -0.0354              0
         1        -0.0351              0
         1        -0.0348              0
         1        -0.0345              0
         1        -0.0342              0
         1        -0.0339              0
         1        -0.0336              0
         1        -0.0333              0
         1         -0.033              0
         1        -0.0327              0
         1        -0.0324              0
         1        -0.0321              0
         1        -0.0318              0
         1        -0.0315              0
         1        -0.0312              0
         1        -0.0309              0
         1        -0.0306              0
         1        -0.0303              0
         1          -0.03         -39.76
         1        -0.0297       -168.861
         1        -0.0294       -299.246
         1        -0.0291       -431.045
         1        -0.0288       -564.419
         1        -0.0285       -699.552
         1        -0.0282       -836.644
         1        -0.0279       -975.904
         1        -0.0276       -1117.56
         1        -0.0273       -1261.84
         1         -0.027          -1409
         1        -0.0267       -1559.31
         1        -0.0264       -1713.03
         1        -0.0261       -1870.45
         1        -0.0258        -2031.9
         1        -0.0255        -2197.7
         1        -0.0252       -2368.18
         1        -0.0249       -2543.73
         1        -0.0246       -2724.72
         1        -0.0243       -2911.57
         1         -0.024       -3104.72
         1        -0.0237       -3304.64
         1        -0.0234        -3511.8
         1        -0.0231       -3726.74
         1        -0.0228       -3950.01
         1        -0.0225       -4182.19
         1        -0.0222       -4423.89
         1        -0.0219       -4675.77
         1        -0.0216        -4938.5
         1        -0.0213       -5212.81
         1         -0.021       -5499.46
         1        -0.0207       -5799.23
         1        -0.0204       -6112.95
         1        -0.0201        -6441.5
         1        -0.0198       -6785.76
         1        -0.0195       -7146.68
         1        -0.0192       -7525.23
         1        -0.0189       -7922.43
         1        -0.0186       -8339.34
         1        -0.0183       -8777.03
         1         -0.018       -9236.64
         1        -0.0177       -9719.34
         1        -0.0174       -10226.4
         1        -0.0171         -10759
         1        -0.0168       -11318.5
         1        -0.0165       -11906.3
         1        -0.0162       -12523.8
         1        -0.0159       -13172.7
         1        -0.0156       -13854.4
         1        -0.0153       -14570.8
         1         -0.015       -15323.7
         1        -0.0147       -16115.1
         1        -0.0144       -16947.1
         1        -0.0141         -17822
         1        -0.0138       -18742.5
         1        -0.0135       -19711.2
         1        -0.0132       -20731.2
         1        -0.0129       -21805.9
         1        -0.0126         -22939
         1        -0.0123       -24134.6
         1         -0.012       -25397.4
         1        -0.0117       -26732.4
         1        -0.0114       -28145.6
         1        -0.0111       -29643.4
         1        -0.0108       -31233.3
         1        -0.0105       -32923.7
         1        -0.0102       -34724.3
         1        -0.0099       -36646.3
         1        -0.0096       -38702.6
         1        -0.0093       -40908.2
         1         -0.009         -43281
         1        -0.0087       -45841.9
         1        -0.0084       -48616.3
         1        -0.0081       -51634.8
         1        -0.0078       -54935.2
         1        -0.0075       -58564.8
         1        -0.0072       -62583.8
         1        -0.0069       -67070.7
         1        -0.0066       -72130.1
         1        -0.0063       -77903.5
         1         -0.006       -84576.5
         1        -0.0057       -92324.5
         1        -0.0054        -100000
         1        -0.0051        -100000
         1        -0.0048        -100000
         1        -0.0045       -99832.2
         1        -0.0042       -98472.6
         1        -0.0039       -97221.7
         1        -0.0036       -96169.6
         1        -0.0033       -95318.8
         1         -0.003       -94650.6
         1        -0.0027       -94141.6
         1        -0.0024       -93767.5
         1        -0.0021       -93504.6
         1        -0.0018       -93330.7
         1        -0.0015       -93224.7
         1        -0.0012       -93167.6
         1        -0.0009       -93142.5
         1        -0.0006       -93135.2
         1        -0.0003       -93135.3
         1              0       -93136.1
         1         0.0003       -93135.3
         1         0.0006       -93135.2
         1         0.0009       -93142.4
         1         0.0012       -93167.5
         1         0.0015       -93224.5
         1         0.0018       -93330.4
         1         0.0021       -93504.2
         1         0.0024         -93767
         1         0.0027         -94141
         1          0.003       -94649.8
         1         0.0033       -95317.8
         1         0.0036       -96168.5
         1         0.0039       -97220.5
         1         0.0042       -98471.4
         1         0.0045       -99831.1
         1         0.0048        -100000
         1         0.0051        -100000
         1         0.0054        -100000
         1         0.0057         -92337
         1          0.006       -84585.8
         1         0.0063       -77912.7
         1         0.0066       -72139.6
         1         0.0069       -67080.6
         1         0.0072       -62594.1
         1         0.0075       -58575.6
         1         0.0078       -54946.6
         1         0.0081       -51646.9
         1         0.0084       -48629.2
         1         0.0087       -45855.8
         1          0.009       -43295.9
         1         0.0093       -40924.4
         1         0.0096         -38720
         1         0.0099       -36665.1
         1         0.0102       -34744.6
         1         0.0105       -32945.5
         1         0.0108       -31256.8
         1         0.0111       -29668.7
         1         0.0114       -28172.7
         1         0.0117       -26761.4
         1          0.012       -25428.3
         1         0.0123       -24167.6
         1         0.0126         -22974
         1         0.0129       -21842.9
         1         0.0132       -20770.2
         1         0.0135       -19752.2
         1         0.0138       -18785.5
         1         0.0141       -17866.9
         1         0.0144       -16993.8
         1         0.0147       -16163.5
         1          0.015       -15373.8
         1         0.0153       -14622.4
         1         0.0156       -13907.3
         1         0.0159       -13226.7
         1         0.0162       -12578.9
         1         0.0165       -11962.1
         1         0.0168       -11374.9
         1         0.0171       -10815.8
         1         0.0174       -10283.4
         1         0.0177       -9776.31
         1          0.018       -9293.38
         1         0.0183       -8833.34
         1         0.0186       -8395.04
         1         0.0189       -7977.34
         1         0.0192       -7579.18
         1         0.0195       -7199.51
         1         0.0198       -6837.34
         1         0.0201        -6491.7
         1         0.0204       -6161.68
         1         0.0207       -5846.39
         1          0.021       -5544.97
         1         0.0213       -5256.62
         1         0.0216       -4980.55
         1         0.0219       -4716.03
         1         0.0222       -4462.35
         1         0.0225       -4218.84
         1         0.0228       -3984.85
         1         0.0231       -3759.77
         1         0.0234       -3543.04
         1         0.0237       -3334.11
         1          0.024       -3132.46
         1         0.0243        -2937.6
         1         0.0246       -2749.08
         1         0.0249       -2566.45
         1         0.0252       -2389.31
         1         0.0255       -2217.27
         1         0.0258       -2049.96
         1         0.0261       -1887.04
         1         0.0264       -1728.18
         1         0.0267       -1573.06
         1          0.027        -1421.4
         1         0.0273       -1272.91
         1         0.0276       -1127.34
         1         0.0279       -984.421
         1         0.0282       -843.927
         1         0.0285       -705.628
         1         0.0288       -569.311
         1         0.0291       -434.773
         1         0.0294        -301.83
         1         0.0297       -170.317
         1           0.03       -40.1027
         1         0.0303              0
         1         0.0306              0
         1         0.0309              0
         1         0.0312              0
         1         0.0315              0
         1         0.0318              0
         1         0.0321              0
         1         0.0324              0
         1         0.0327              0
         1          0.033              0
         1         0.0333              0
         1         0.0336              0
         1         0.0339              0
         1         0.0342              0
         1         0.0345              0
         1         0.0348              0
         1         0.0351              0
         1         0.0354              0
         1         0.0357              0
         1          0.036              0
         1         0.0363              0
         1         0.0366              0
         1         0.0369              0
         1         0.0372              0
         1         0.0375              0
         1         0.0378              0
         1         0.0381              0
         1         0.0384              0
         1         0.0387              0
         1          0.039              0
         1         0.0393              0
         1         0.0396              0
         1         0.0399              0
         1         0.0402              0
         1         0.0405              0
         1         0.0408              0
         1         0.0411              0
         1         0.0414              0
         1         0.0417              0
         1          0.042              0
         1         0.0423              0
         1         0.0426              0
         1         0.0429              0
         1         0.0432              0
         1         0.0435              0
         1         0.0438              0
         1         0.0441              0
         1         0.0444              0
         1         0.0447              0
         1          0.045              0
         1         0.0453              0
         1         0.0456              0
         1         0.0459              0
         1         0.0462              0
         1         0.0465              0
         1         0.0468              0
         1         0.0471              0
         1         0.0474              0
         1         0.0477              0
         2         -0.048              0
         2        -0.0477              0
         2        -0.0474              0
         2        -0.0471              0
         2        -0.0468              0
         2        -0.0465              0
         2        -0.0462              0
         2        -0.0459              0
         2        -0.0456              0
         2        -0.0453              0
         2         -0.045              0
         2        -0.0447              0
         2        -0.0444              0
         2        -0.0441              0
         2        -0.0438              0
         2        -0.0435              0
         2        -0.0432              0
         2        -0.0429              0
         2        -0.0426              0
         2        -0.0423              0
         2         -0.042              0
         2        -0.0417              0
         2        -0.0414              0
         2        -0.0411              0
         2        -0.0408              0
         2        -0.0405              0
         2        -0.0402              0
         2        -0.0399              0
         2        -0.0396              0
         2        -0.0393              0
         2         -0.039              0
         2        -0.0387              0
         2        -0.0384              0
         2        -0.0381              0
         2        -0.0378              0
         2        -0.0375              0
         2        -0.0372              0
         2        -0.0369              0
         2        -0.0366              0
         2        -0.0363              0
         2         -0.036              0
         2        -0.0357              0
         2        -0.0354              0
         2        -0.0351              0
         2        -0.0348              0
         2        -0.0345              0
         2        -0.0342              0
         2        -0.0339              0
         2        -0.0336              0
         2        -0.0333              0
         2         -0.033              0
         2        -0.0327              0
         2        -0.0324              0
         2        -0.0321              0
         2        -0.0318              0
         2        -0.0315              0
         2        -0.0312              0
         2        -0.0309              0
         2        -0.0306              0
         2        -0.0303              0
         2          -0.03       -40.7852
         2        -0.0297       -173.191
         2        -0.0294       -306.866
         2        -0.0291       -441.936
         2        -0.0288       -578.558
         2        -0.0285       -716.914
         2        -0.0282         -857.2
         2        -0.0279       -999.626
         2        -0.0276       -1144.41
         2        -0.0273        -1291.8
         2         -0.027       -1442.03
         2        -0.0267       -1595.36
         2        -0.0264       -1752.06
         2        -0.0261       -1912.43
         2        -0.0258       -2076.78
         2        -0.0255       -2245.42
         2        -0.0252        -2418.7
         2        -0.0249       -2596.98
         2        -0.0246       -2780.65
         2        -0.0243       -2970.12
         2         -0.024       -3165.82
         2        -0.0237        -3368.2
         2        -0.0234       -3577.76
         2        -0.0231       -3795.01
         2        -0.0228       -4020.48
         2        -0.0225       -4254.76
         2        -0.0222       -4498.45
         2        -0.0219       -4752.17
         2        -0.0216       -5016.61
         2        -0.0213       -5292.44
         2         -0.021       -5580.39
         2        -0.0207       -5881.22
         2        -0.0204       -6195.68
         2        -0.0201        -6524.5
         2        -0.0198       -6868.24
         2        -0.0195       -7228.29
         2        -0.0192       -7605.95
         2        -0.0189       -8002.24
         2        -0.0186       -8418.22
         2        -0.0183          -8855
         2         -0.018        -9313.7
         2        -0.0177        -9795.5
         2        -0.0174       -10301.6
         2        -0.0171       -10833.3
         2        -0.0168         -11392
         2        -0.0165       -11978.9
         2        -0.0162       -12595.6
         2        -0.0159       -13243.6
         2        -0.0156       -13924.6
         2        -0.0153       -14640.2
         2         -0.015       -15392.2
         2        -0.0147       -16182.8
         2        -0.0144         -17014
         2        -0.0141       -17888.1
         2        -0.0138       -18807.8
         2        -0.0135       -19775.6
         2        -0.0132       -20794.8
         2        -0.0129       -21868.7
         2        -0.0126       -23000.9
         2        -0.0123       -24195.5
         2         -0.012       -25457.3
         2        -0.0117       -26791.4
         2        -0.0114       -28203.5
         2        -0.0111       -29700.2
         2        -0.0108       -31288.9
         2        -0.0105         -32978
         2        -0.0102       -34777.3
         2        -0.0099       -36697.8
         2        -0.0096       -38752.5
         2        -0.0093       -40956.5
         2         -0.009       -43327.4
         2        -0.0087       -45886.3
         2        -0.0084       -48658.4
         2        -0.0081       -51674.5
         2        -0.0078       -54972.3
         2        -0.0075       -58598.9
         2        -0.0072       -62614.7
         2        -0.0069       -67097.9
         2        -0.0066       -72153.1
         2        -0.0063       -77921.8
         2         -0.006       -84589.2
         2        -0.0057       -92330.9
         2        -0.0054        -100000
         2        -0.0051        -100000
         2        -0.0048        -100000
         2        -0.0045       -99832.3
         2        -0.0042       -98473.8
         2        -0.0039         -97224
         2        -0.0036       -96172.8
         2        -0.0033       -95322.7
         2         -0.003       -94655.1
         2        -0.0027       -94146.5
         2        -0.0024       -93772.7
         2        -0.0021         -93510
         2        -0.0018       -93336.2
         2        -0.0015       -93230.4
         2        -0.0012       -93173.3
         2        -0.0009       -93148.2
         2        -0.0006       -93140.9
         2        -0.0003         -93141
         2              0       -93141.8
         2         0.0003         -93141
         2         0.0006       -93140.9
         2         0.0009       -93148.1
         2         0.0012       -93173.2
         2         0.0015       -93230.2
         2         0.0018       -93335.9
         2         0.0021       -93509.6
         2         0.0024       -93772.2
         2         0.0027       -94145.9
         2          0.003       -94654.3
         2         0.0033       -95321.7
         2         0.0036       -96171.7
         2         0.0039       -97222.8
         2         0.0042       -98472.6
         2         0.0045       -99831.3
         2         0.0048        -100000
         2         0.0051        -100000
         2         0.0054        -100000
         2         0.0057       -92343.4
         2          0.006       -84598.7
         2         0.0063       -77931.1
         2         0.0066       -72162.8
         2         0.0069       -67107.9
         2         0.0072       -62625.1
         2         0.0075       -58609.9
         2         0.0078       -54983.9
         2         0.0081       -51686.9
         2         0.0084       -48671.6
         2         0.0087       -45900.4
         2          0.009       -43342.6
         2         0.0093       -40972.9
         2         0.0096       -38770.3
         2         0.0099         -36717
         2         0.0102       -34797.9
         2         0.0105       -33000.3
         2         0.0108       -31312.8
         2         0.0111       -29725.9
         2         0.0114       -28231.1
         2         0.0117       -26820.9
         2          0.012       -25488.8
         2         0.0123       -24229.1
         2         0.0126       -23036.4
         2         0.0129       -21906.3
         2         0.0132       -20834.5
         2         0.0135       -19817.4
         2         0.0138       -18851.5
         2         0.0141       -17933.8
         2         0.0144       -17061.5
         2         0.0147       -16232.1
         2          0.015       -15443.2
         2         0.0153       -14692.6
         2         0.0156       -13978.4
         2         0.0159       -13298.6
         2         0.0162       -12651.6
         2         0.0165       -12035.7
         2         0.0168       -11449.4
         2         0.0171       -10891.2
         2         0.0174       -10359.6
         2         0.0177       -9853.49
         2          0.018       -9371.48
         2         0.0183       -8912.36
         2         0.0186       -8474.98
         2         0.0189       -8058.21
         2         0.0192       -7660.98
         2         0.0195       -7282.25
         2         0.0198          -6921
         2         0.0201       -6575.94
         2         0.0204       -6245.61
         2         0.0207       -5929.54
         2          0.021       -5627.03
         2         0.0213       -5337.32
         2         0.0216       -5059.69
         2         0.0219       -4793.43
         2         0.0222       -4537.86
         2         0.0225       -4292.32
         2         0.0228       -4056.19
         2         0.0231       -3828.87
         2         0.0234        -3609.8
         2         0.0237       -3398.44
         2          0.024       -3194.28
         2         0.0243       -2996.84
         2         0.0246       -2805.66
         2         0.0249       -2620.32
         2         0.0252       -2440.41
         2         0.0255       -2265.54
         2         0.0258       -2095.35
         2         0.0261        -1929.5
         2         0.0264       -1767.66
         2         0.0267       -1609.52
         2          0.027        -1454.8
         2         0.0273       -1303.22
         2         0.0276       -1154.51
         2         0.0279       -1008.43
         2         0.0282       -864.733
         2         0.0285       -723.206
         2         0.0288       -583.632
         2         0.0291       -445.811
         2         0.0294       -309.559
         2         0.0297       -174.715
         2           0.03       -41.1464
         2         0.0303              0
         2         0.0306              0
         2         0.0309              0
         2         0.0312              0
         2         0.0315              0
         2         0.0318              0
         2         0.0321              0
         2         0.0324              0
         2         0.0327              0
         2          0.033              0
         2         0.0333              0
         2         0.0336              0
         2         0.0339              0
         2         0.0342              0
         2         0.0345              0
         2         0.0348              0
         2         0.0351              0
         2         0.0354              0
         2         0.0357              0
         2          0.036              0
         2         0.0363              0
         2         0.0366              0
         2         0.0369              0
         2         0.0372              0
         2         0.0375              0
         2         0.0378              0
         2         0.0381              0
         2         0.0384              0
         2         0.0387              0
         2          0.039              0
         2         0.0393              0
         2         0.0396              0
         2         0.0399              0
         2         0.0402              0
         2         0.0405              0
         2         0.0408              0
         2         0.0411              0
         2         0.0414              0
         2         0.0417              0
         2          0.042              0
         2         0.0423              0
         2         0.0426              0
         2         0.0429              0
         2         0.0432              0
         2         0.0435              0
         2         0.0438              0
         2         0.0441              0
         2         0.0444              0
         2         0.0447              0
         2          0.045              0
         2         0.0453              0
         2         0.0456              0
         2         0.0459              0
         2         0.0462              0
         2         0.0465              0
         2         0.0468              0
         2         0.0471              0
         2         0.0474              0
         2         0.0477              0
         3         -0.048              0
         3        -0.0477              0
         3        -0.0474              0
         3        -0.0471              0
         3        -0.0468              0
         3        -0.0465              0
         3        -0.0462              0
         3        -0.0459              0
         3        -0.0456              0
         3        -0.0453              0
         3         -0.045              0
         3        -0.0447              0
         3        -0.0444              0
         3        -0.0441              0
         3        -0.0438              0
         3        -0.0435              0
         3        -0.0432              0
         3        -0.0429              0
         3        -0.0426              0
         3        -0.0423              0
         3         -0.042              0
         3        -0.0417              0
         3        -0.0414              0
         3        -0.0411              0
         3        -0.0408              0
         3        -0.0405              0
         3        -0.0402              0
         3        -0.0399              0
         3        -0.0396              0
         3        -0.0393              0
         3         -0.039              0
         3        -0.0387              0
         3        -0.0384              0
         3        -0.0381              0
         3        -0.0378              0
         3        -0.0375              0
         3        -0.0372              0
         3        -0.0369              0
         3        -0.0366              0
         3        -0.0363              0
         3         -0.036              0
         3        -0.0357              0
         3        -0.0354              0
         3        -0.0351              0
         3        -0.0348              0
         3        -0.0345              0
         3        -0.0342              0
         3        -0.0339              0
         3        -0.0336              0
         3        -0.0333              0
         3         -0.033              0
         3        -0.0327              0
         3        -0.0324              0
         3        -0.0321              0
         3        -0.0318              0
         3        -0.0315              0
         3        -0.0312              0
         3        -0.0309              0
         3        -0.0306              0
         3        -0.0303              0
         3          -0.03       -41.4559
         3        -0.0297       -176.019
         3        -0.0294        -311.84
         3        -0.0291       -449.041
         3        -0.0288       -587.781
         3        -0.0285       -728.239
         3        -0.0282        -870.61
         3        -0.0279        -1015.1
         3        -0.0276       -1161.94
         3        -0.0273       -1311.36
         3         -0.027       -1463.59
         3        -0.0267       -1618.91
         3        -0.0264       -1777.59
         3        -0.0261        -1939.9
         3        -0.0258       -2106.17
         3        -0.0255       -2276.71
         3        -0.0252       -2451.86
         3        -0.0249       -2631.98
         3        -0.0246       -2817.46
         3        -0.0243        -3008.7
         3         -0.024       -3206.13
         3        -0.0237       -3410.21
         3        -0.0234       -3621.41
         3        -0.0231       -3840.25
         3        -0.0228       -4067.26
         3        -0.0225       -4303.01
         3        -0.0222        -4548.1
         3        -0.0219       -4803.13
         3        -0.0216       -5068.77
         3        -0.0213       -5345.69
         3         -0.021        -5634.6
         3        -0.0207       -5936.21
         3        -0.0204       -6251.22
         3        -0.0201       -6580.28
         3        -0.0198       -6923.64
         3        -0.0195       -7283.07
         3        -0.0192        -7660.1
         3        -0.0189       -8055.76
         3        -0.0186       -8471.12
         3        -0.0183       -8907.26
         3         -0.018       -9365.33
         3        -0.0177       -9846.51
         3        -0.0174         -10352
         3        -0.0171       -10883.1
         3        -0.0168       -11441.2
         3        -0.0165       -12027.5
         3        -0.0162       -12643.6
         3        -0.0159       -13291.1
         3        -0.0156       -13971.4
         3        -0.0153       -14686.5
         3         -0.015         -15438
         3        -0.0147       -16228.1
         3        -0.0144       -17058.7
         3        -0.0141       -17932.4
         3        -0.0138       -18851.5
         3        -0.0135       -19818.9
         3        -0.0132       -20837.5
         3        -0.0129       -21910.9
         3        -0.0126       -23042.5
         3        -0.0123       -24236.7
         3         -0.012       -25497.9
         3        -0.0117       -26831.4
         3        -0.0114       -28242.9
         3        -0.0111       -29738.9
         3        -0.0108       -31326.9
         3        -0.0105       -33015.3
         3        -0.0102       -34813.8
         3        -0.0099       -36733.4
         3        -0.0096       -38787.1
         3        -0.0093         -40990
         3         -0.009       -43359.7
         3        -0.0087       -45917.4
         3        -0.0084       -48688.1
         3        -0.0081       -51702.6
         3        -0.0078       -54998.6
         3        -0.0075       -58623.2
         3        -0.0072       -62636.7
         3        -0.0069       -67117.3
         3        -0.0066       -72169.6
         3        -0.0063       -77934.9
         3         -0.006       -84598.4
         3        -0.0057       -92335.5
         3        -0.0054        -100000
         3        -0.0051        -100000
         3        -0.0048        -100000
         3        -0.0045       -99832.5
         3        -0.0042       -98475.1
         3        -0.0039       -97226.3
         3        -0.0036         -96176
         3        -0.0033       -95326.6
         3         -0.003       -94659.7
         3        -0.0027       -94151.6
         3        -0.0024       -93778.2
         3        -0.0021       -93515.9
         3        -0.0018       -93342.4
         3        -0.0015       -93236.7
         3        -0.0012       -93179.8
         3        -0.0009       -93154.8
         3        -0.0006       -93147.6
         3        -0.0003       -93147.7
         3              0       -93148.5
         3         0.0003       -93147.7
         3         0.0006       -93147.6
         3         0.0009       -93154.7
         3         0.0012       -93179.7
         3         0.0015       -93236.5
         3         0.0018       -93342.1
         3         0.0021       -93515.5
         3         0.0024       -93777.7
         3         0.0027         -94151
         3          0.003       -94658.9
         3         0.0033       -95325.7
         3         0.0036       -96174.9
         3         0.0039       -97225.1
         3         0.0042       -98473.9
         3         0.0045       -99831.4
         3         0.0048        -100000
         3         0.0051        -100000
         3         0.0054        -100000
         3         0.0057         -92348
         3          0.006       -84607.9
         3         0.0063       -77944.3
         3         0.0066       -72179.4
         3         0.0069       -67127.5
         3         0.0072       -62647.3
         3         0.0075       -58634.4
         3         0.0078       -55010.4
         3         0.0081       -51715.1
         3         0.0084       -48701.5
         3         0.0087       -45931.8
         3          0.009       -43375.2
         3         0.0093       -41006.7
         3         0.0096       -38805.2
         3         0.0099       -36752.9
         3         0.0102       -34834.7
         3         0.0105       -33037.9
         3         0.0108       -31351.2
         3         0.0111         -29765
         3         0.0114       -28270.9
         3         0.0117       -26861.3
         3          0.012       -25529.9
         3         0.0123       -24270.7
         3         0.0126       -23078.6
         3         0.0129         -21949
         3         0.0132       -20877.8
         3         0.0135       -19861.1
         3         0.0138       -18895.8
         3         0.0141       -17978.6
         3         0.0144       -17106.9
         3         0.0147         -16278
         3          0.015       -15489.6
         3         0.0153       -14739.5
         3         0.0156       -14025.9
         3         0.0159       -13346.7
         3         0.0162       -12700.3
         3         0.0165         -12085
         3         0.0168       -11499.2
         3         0.0171       -10941.6
         3         0.0174       -10410.7
         3         0.0177       -9905.13
         3          0.018       -9423.73
         3         0.0183       -8965.22
         3         0.0186       -8528.46
         3         0.0189        -8112.3
         3         0.0192       -7715.68
         3         0.0195       -7337.56
         3         0.0198       -6976.96
         3         0.0201       -6632.31
         3         0.0204        -6301.7
         3         0.0207       -5985.04
         3          0.021       -5681.72
         3         0.0213       -5391.04
         3         0.0216        -5112.3
         3         0.0219       -4844.81
         3         0.0222       -4587.91
         3         0.0225       -4340.95
         3         0.0228       -4103.33
         3         0.0231       -3874.45
         3         0.0234       -3653.77
         3         0.0237       -3440.74
         3          0.024       -3234.86
         3         0.0243       -3035.67
         3         0.0246        -2842.7
         3         0.0249       -2655.54
         3         0.0252       -2473.77
         3         0.0255       -2297.01
         3         0.0258       -2124.91
         3         0.0261       -1957.13
         3         0.0264       -1793.33
         3         0.0267       -1633.21
         3          0.027       -1476.49
         3         0.0273       -1322.88
         3         0.0276       -1172.13
         3         0.0279       -1023.99
         3         0.0282       -878.215
         3         0.0285       -734.593
         3         0.0288       -592.907
         3         0.0291       -452.958
         3         0.0294       -314.564
         3         0.0297       -177.562
         3           0.03       -41.8222
         3         0.0303              0
         3         0.0306              0
         3         0.0309              0
         3         0.0312              0
         3         0.0315              0
         3         0.0318              0
         3         0.0321              0
         3         0.0324              0
         3         0.0327              0
         3          0.033              0
         3         0.0333              0
         3         0.0336              0
         3         0.0339              0
         3         0.0342              0
         3         0.0345              0
         3         0.0348              0
         3         0.0351              0
         3         0.0354              0
         3         0.0357              0
         3          0.036              0
         3         0.0363              0
         3         0.0366              0
         3         0.0369              0
         3         0.0372              0
         3         0.0375              0
         3         0.0378              0
         3         0.0381              0
         3         0.0384              0
         3         0.0387              0
         3          0.039              0
         3         0.0393              0
         3         0.0396              0
         3         0.0399              0
         3         0.0402              0
         3         0.0405              0
         3         0.0408              0
         3         0.0411              0
         3         0.0414              0
         3         0.0417              0
         3          0.042              0
         3         0.0423              0
         3         0.0426              0
         3         0.0429              0
         3         0.0432              0
         3         0.0435              0
         3         0.0438              0
         3         0.0441              0
         3         0.0444              0
         3         0.0447              0
         3          0.045              0
         3         0.0453              0
         3         0.0456              0
         3         0.0459              0
         3         0.0462              0
         3         0.0465              0
         3         0.0468              0
         3         0.0471              0
         3         0.0474              0
         3         0.0477              0
         4         -0.048              0
         4        -0.0477              0
         4        -0.0474              0
         4        -0.0471              0
         4        -0.0468              0
         4        -0.0465              0
         4        -0.0462              0
         4        -0.0459              0
         4        -0.0456              0
         4        -0.0453              0
         4         -0.045              0
         4        -0.0447              0
         4        -0.0444              0
         4        -0.0441              0
         4        -0.0438              0
         4        -0.0435              0
         4        -0.0432              0
         4        -0.0429              0
         4        -0.0426              0
         4        -0.0423              0
         4         -0.042              0
         4        -0.0417              0
         4        -0.0414              0
         4        -0.0411              0
         4        -0.0408              0
         4        -0.0405              0
         4        -0.0402              0
         4        -0.0399              0
         4        -0.0396              0
         4        -0.0393              0
         4         -0.039              0
         4        -0.0387              0
         4        -0.0384              0
         4        -0.0381              0
         4        -0.0378              0
         4        -0.0375              0
         4        -0.0372              0
         4        -0.0369              0
         4        -0.0366              0
         4        -0.0363              0
         4         -0.036              0
         4        -0.0357              0
         4        -0.0354              0
         4        -0.0351              0
         4        -0.0348              0
         4        -0.0345              0
         4        -0.0342              0
         4        -0.0339              0
         4        -0.0336              0
         4        -0.0333              0
         4         -0.033              0
         4        -0.0327              0
         4        -0.0324              0
         4        -0.0321              0
         4        -0.0318              0
         4        -0.0315              0
         4        -0.0312              0
         4        -0.0309              0
         4        -0.0306              0
         4        -0.0303              0
         4          -0.03       -42.0169
         4        -0.0297       -178.382
         4        -0.0294        -315.99
         4        -0.0291       -454.965
         4        -0.0288       -595.462
         4        -0.0285        -737.66
         4        -0.0282       -881.752
         4        -0.0279       -1027.95
         4        -0.0276       -1176.46
         4        -0.0273       -1327.53
         4         -0.027       -1481.39
         4        -0.0267       -1638.31
         4        -0.0264       -1798.55
         4        -0.0261        -1962.4
         4        -0.0258       -2130.16
         4        -0.0255       -2302.15
         4        -0.0252       -2478.71
         4        -0.0249        -2660.2
         4        -0.0246          -2847
         4        -0.0243       -3039.51
         4         -0.024       -3238.15
         4        -0.0237       -3443.39
         4        -0.0234        -3655.7
         4        -0.0231       -3875.58
         4        -0.0228       -4103.57
         4        -0.0225       -4340.22
         4        -0.0222       -4586.13
         4        -0.0219        -4841.9
         4        -0.0216        -5108.2
         4        -0.0213       -5385.67
         4         -0.021       -5675.02
         4        -0.0207       -5976.92
         4        -0.0204       -6292.06
         4        -0.0201       -6621.01
         4        -0.0198       -6963.75
         4        -0.0195       -7322.38
         4        -0.0192       -7698.64
         4        -0.0189       -8093.53
         4        -0.0186       -8508.11
         4        -0.0183       -8943.49
         4         -0.018        -9400.8
         4        -0.0177       -9881.22
         4        -0.0174         -10386
         4        -0.0171       -10916.3
         4        -0.0168       -11473.6
         4        -0.0165       -12059.3
         4        -0.0162       -12674.7
         4        -0.0159       -13321.4
         4        -0.0156       -14001.1
         4        -0.0153       -14715.4
         4         -0.015       -15466.3
         4        -0.0147       -16255.6
         4        -0.0144       -17085.7
         4        -0.0141       -17958.6
         4        -0.0138       -18877.1
         4        -0.0135       -19843.9
         4        -0.0132       -20861.9
         4        -0.0129       -21934.6
         4        -0.0126       -23065.7
         4        -0.0123       -24259.2
         4         -0.012       -25519.9
         4        -0.0117       -26852.7
         4        -0.0114       -28263.6
         4        -0.0111         -29759
         4        -0.0108       -31346.4
         4        -0.0105       -33034.2
         4        -0.0102         -34832
         4        -0.0099         -36751
         4        -0.0096       -38804.1
         4        -0.0093       -41006.2
         4         -0.009       -43375.2
         4        -0.0087       -45932.1
         4        -0.0084         -48702
         4        -0.0081       -51715.6
         4        -0.0078       -55010.7
         4        -0.0075       -58634.3
         4        -0.0072       -62646.7
         4        -0.0069       -67126.1
         4        -0.0066         -72177
         4        -0.0063       -77940.7
         4         -0.006       -84602.5
         4        -0.0057       -92337.5
         4        -0.0054        -100000
         4        -0.0051        -100000
         4        -0.0048        -100000
         4        -0.0045       -99832.5
         4        -0.0042       -98475.3
         4        -0.0039       -97226.6
         4        -0.0036       -96176.4
         4        -0.0033       -95327.1
         4         -0.003       -94660.2
         4        -0.0027       -94152.1
         4        -0.0024       -93778.7
         4        -0.0021       -93516.3
         4        -0.0018       -93342.7
         4        -0.0015         -93237
         4        -0.0012         -93180
         4        -0.0009       -93154.9
         4        -0.0006       -93147.7
         4        -0.0003       -93147.8
         4              0       -93148.6
         4         0.0003       -93147.8
         4         0.0006       -93147.7
         4         0.0009       -93154.8
         4         0.0012       -93179.9
         4         0.0015       -93236.8
         4         0.0018       -93342.4
         4         0.0021       -93515.9
         4         0.0024       -93778.2
         4         0.0027       -94151.5
         4          0.003       -94659.4
         4         0.0033       -95326.2
         4         0.0036       -96175.3
         4         0.0039       -97225.4
         4         0.0042       -98474.1
         4         0.0045       -99831.4
         4         0.0048        -100000
         4         0.0051        -100000
         4         0.0054        -100000
         4         0.0057         -92350
         4          0.006       -84611.9
         4         0.0063       -77950.1
         4         0.0066       -72186.7
         4         0.0069       -67136.2
         4         0.0072       -62657.2
         4         0.0075       -58645.3
         4         0.0078       -55022.3
         4         0.0081         -51728
         4         0.0084       -48715.3
         4         0.0087       -45946.3
         4          0.009       -43390.6
         4         0.0093       -41022.8
         4         0.0096       -38821.9
         4         0.0099       -36770.3
         4         0.0102       -34852.9
         4         0.0105       -33056.7
         4         0.0108       -31370.6
         4         0.0111       -29785.1
         4         0.0114       -28291.5
         4         0.0117       -26882.6
         4          0.012       -25551.7
         4         0.0123       -24293.2
         4         0.0126       -23101.7
         4         0.0129       -21972.7
         4         0.0132       -20902.1
         4         0.0135       -19886.1
         4         0.0138       -18921.4
         4         0.0141       -18004.9
         4         0.0144       -17133.8
         4         0.0147       -16305.5
         4          0.015       -15517.8
         4         0.0153       -14768.5
         4         0.0156       -14055.5
         4         0.0159         -13377
         4         0.0162       -12731.3
         4         0.0165       -12116.7
         4         0.0168       -11531.7
         4         0.0171       -10974.8
         4         0.0174       -10444.6
         4         0.0177        -9939.8
         4          0.018       -9459.14
         4         0.0183       -9001.37
         4         0.0186       -8565.34
         4         0.0189       -8149.91
         4         0.0192       -7754.01
         4         0.0195       -7376.59
         4         0.0198       -7016.66
         4         0.0201       -6672.51
         4         0.0204          -6342
         4         0.0207       -6025.23
         4          0.021       -5721.62
         4         0.0213       -5430.53
         4         0.0216       -5151.26
         4         0.0219       -4883.13
         4         0.0222       -4625.51
         4         0.0225       -4377.74
         4         0.0228       -4139.23
         4         0.0231        -3909.4
         4         0.0234       -3687.69
         4         0.0237       -3473.57
         4          0.024       -3266.55
         4         0.0243       -3066.15
         4         0.0246       -2871.93
         4         0.0249       -2683.46
         4         0.0252       -2500.34
         4         0.0255       -2322.18
         4         0.0258       -2148.64
         4         0.0261       -1979.37
         4         0.0264       -1814.05
         4         0.0267       -1652.39
         4          0.027       -1494.08
         4         0.0273       -1338.86
         4         0.0276       -1186.46
         4         0.0279       -1036.66
         4         0.0282       -889.201
         4         0.0285       -743.874
         4         0.0288       -600.466
         4         0.0291        -458.78
         4         0.0294       -318.636
         4         0.0297       -179.875
         4           0.03       -42.3693
         4         0.0303              0
         4         0.0306              0
         4         0.0309              0
         4         0.0312              0
         4         0.0315              0
         4         0.0318              0
         4         0.0321              0
         4         0.0324              0
         4         0.0327              0
         4          0.033              0
         4         0.0333              0
         4         0.0336              0
         4         0.0339              0
         4         0.0342              0
         4         0.0345              0
         4         0.0348              0
         4         0.0351              0
         4         0.0354              0
         4         0.0357              0
         4          0.036              0
         4         0.0363              0
         4         0.0366              0
         4         0.0369              0
         4         0.0372              0
         4         0.0375              0
         4         0.0378              0
         4         0.0381              0
         4         0.0384              0
         4         0.0387              0
         4          0.039              0
         4         0.0393              0
         4         0.0396              0
         4         0.0399              0
         4         0.0402              0
         4         0.0405              0
         4         0.0408              0
         4         0.0411              0
         4         0.0414              0
         4         0.0417              0
         4          0.042              0
         4         0.0423              0
         4         0.0426              0
         4         0.0429              0
         4         0.0432              0
         4         0.0435              0
         4         0.0438              0
         4         0.0441              0
         4         0.0444              0
         4         0.0447              0
         4          0.045              0
         4         0.0453              0
         4         0.0456              0
         4         0.0459              0
         4         0.0462              0
         4         0.0465              0
         4         0.0468              0
         4         0.0471              0
         4         0.0474              0
         4         0.0477              0
         5         -0.048              0
         5        -0.0477              0
         5        -0.0474              0
         5        -0.0471              0
         5        -0.0468              0
         5        -0.0465              0
         5        -0.0462              0
         5        -0.0459              0
         5        -0.0456              0
         5        -0.0453              0
         5         -0.045              0
         5        -0.0447              0
         5        -0.0444              0
         5        -0.0441              0
         5        -0.0438              0
         5        -0.0435              0
         5        -0.0432              0
         5        -0.0429              0
         5        -0.0426              0
         5        -0.0423              0
         5         -0.042              0
         5        -0.0417              0
         5        -0.0414              0
         5        -0.0411              0
         5        -0.0408              0
         5        -0.0405              0
         5        -0.0402              0
         5        -0.0399              0
         5        -0.0396              0
         5        -0.0393              0
         5         -0.039              0
         5        -0.0387              0
         5        -0.0384              0
         5        -0.0381              0
         5        -0.0378              0
         5        -0.0375              0
         5        -0.0372              0
         5        -0.0369              0
         5        -0.0366              0
         5        -0.0363              0
         5         -0.036              0
         5        -0.0357              0
         5        -0.0354              0
         5        -0.0351              0
         5        -0.0348              0
         5        -0.0345              0
         5        -0.0342              0
         5        -0.0339              0
         5        -0.0336              0
         5        -0.0333              0
         5         -0.033              0
         5        -0.0327              0
         5        -0.0324              0
         5        -0.0321              0
         5        -0.0318              0
         5        -0.0315              0
         5        -0.0312              0
         5        -0.0309              0
         5        -0.0306              0
         5        -0.0303              0
         5          -0.03       -42.4057
         5        -0.0297       -180.017
         5        -0.0294       -318.864
         5        -0.0291       -459.068
         5        -0.0288       -600.781
         5        -0.0285       -744.178
         5        -0.0282       -889.452
         5        -0.0279       -1036.81
         5        -0.0276       -1186.46
         5        -0.0273       -1338.64
         5         -0.027       -1493.59
         5        -0.0267       -1651.56
         5        -0.0264       -1812.82
         5        -0.0261       -1977.66
         5        -0.0258       -2146.38
         5        -0.0255       -2319.29
         5        -0.0252       -2496.74
         5        -0.0249       -2679.07
         5        -0.0246       -2866.68
         5        -0.0243       -3059.95
         5         -0.024       -3259.33
         5        -0.0237       -3465.25
         5        -0.0234        -3678.2
         5        -0.0231       -3898.68
         5        -0.0228       -4127.21
         5        -0.0225       -4364.37
         5        -0.0222       -4610.73
         5        -0.0219       -4866.91
         5        -0.0216       -5133.54
         5        -0.0213       -5411.29
         5         -0.021       -5700.84
         5        -0.0207       -6002.86
         5        -0.0204       -6318.01
         5        -0.0201        -6646.8
         5        -0.0198       -6988.98
         5        -0.0195       -7346.93
         5        -0.0192       -7722.54
         5        -0.0189       -8116.79
         5        -0.0186       -8530.74
         5        -0.0183       -8965.49
         5         -0.018       -9422.16
         5        -0.0177       -9901.95
         5        -0.0174       -10406.1
         5        -0.0171       -10935.8
         5        -0.0168       -11492.5
         5        -0.0165       -12077.5
         5        -0.0162       -12692.3
         5        -0.0159       -13338.4
         5        -0.0156       -14017.4
         5        -0.0153       -14731.2
         5         -0.015       -15481.5
         5        -0.0147       -16270.2
         5        -0.0144       -17099.7
         5        -0.0141       -17972.1
         5        -0.0138         -18890
         5        -0.0135       -19856.2
         5        -0.0132       -20873.7
         5        -0.0129       -21945.8
         5        -0.0126       -23076.3
         5        -0.0123       -24269.3
         5         -0.012       -25529.4
         5        -0.0117       -26861.7
         5        -0.0114       -28272.1
         5        -0.0111         -29767
         5        -0.0108       -31353.8
         5        -0.0105         -33041
         5        -0.0102       -34838.3
         5        -0.0099       -36756.8
         5        -0.0096       -38809.3
         5        -0.0093         -41011
         5         -0.009       -43379.5
         5        -0.0087       -45935.9
         5        -0.0084       -48705.3
         5        -0.0081       -51718.5
         5        -0.0078       -55013.2
         5        -0.0075       -58636.4
         5        -0.0072       -62648.4
         5        -0.0069       -67127.6
         5        -0.0066       -72178.2
         5        -0.0063       -77941.6
         5         -0.006       -84603.1
         5        -0.0057       -92337.7
         5        -0.0054        -100000
         5        -0.0051        -100000
         5        -0.0048        -100000
         5        -0.0045       -99832.5
         5        -0.0042       -98475.2
         5        -0.0039       -97226.5
         5        -0.0036       -96176.2
         5        -0.0033       -95326.8
         5         -0.003       -94659.8
         5        -0.0027       -94151.7
         5        -0.0024       -93778.2
         5        -0.0021       -93515.8
         5        -0.0018       -93342.2
         5        -0.0015       -93236.4
         5        -0.0012       -93179.4
         5        -0.0009       -93154.3
         5        -0.0006       -93147.1
         5        -0.0003       -93147.2
         5              0       -93147.9
         5         0.0003       -93147.1
         5         0.0006         -93147
         5         0.0009       -93154.2
         5         0.0012       -93179.3
         5         0.0015       -93236.2
         5         0.0018       -93341.9
         5         0.0021       -93515.4
         5         0.0024       -93777.7
         5         0.0027       -94151.1
         5          0.003         -94659
         5         0.0033       -95325.9
         5         0.0036       -96175.1
         5         0.0039       -97225.3
         5         0.0042         -98474
         5         0.0045       -99831.4
         5         0.0048        -100000
         5         0.0051        -100000
         5         0.0054        -100000
         5         0.0057       -92350.3
         5          0.006       -84612.5
         5         0.0063         -77951
         5         0.0066         -72188
         5         0.0069       -67137.8
         5         0.0072       -62659.1
         5         0.0075       -58647.6
         5         0.0078         -55025
         5         0.0081       -51731.2
         5         0.0084       -48718.8
         5         0.0087       -45950.4
         5          0.009       -43395.1
         5         0.0093       -41027.8
         5         0.0096       -38827.5
         5         0.0099       -36776.4
         5         0.0102       -34859.5
         5         0.0105       -33063.8
         5         0.0108       -31378.3
         5         0.0111       -29793.3
         5         0.0114       -28300.3
         5         0.0117         -26892
         5          0.012       -25561.7
         5         0.0123       -24303.7
         5         0.0126       -23112.8
         5         0.0129       -21984.4
         5         0.0132       -20914.3
         5         0.0135       -19898.9
         5         0.0138       -18934.8
         5         0.0141       -18018.8
         5         0.0144       -17148.3
         5         0.0147       -16320.7
         5          0.015       -15533.6
         5         0.0153       -14784.8
         5         0.0156       -14072.5
         5         0.0159       -13394.6
         5         0.0162       -12749.5
         5         0.0165       -12135.5
         5         0.0168       -11551.2
         5         0.0171       -10994.9
         5         0.0174       -10465.3
         5         0.0177        -9961.2
         5          0.018       -9481.18
         5         0.0183       -9024.07
         5         0.0186       -8588.68
         5         0.0189        -8173.9
         5         0.0192       -7778.64
         5         0.0195       -7401.85
         5         0.0198       -7042.54
         5         0.0201       -6698.87
         5         0.0204       -6368.57
         5         0.0207       -6051.83
         5          0.021       -5748.14
         5         0.0213       -5456.86
         5         0.0216       -5177.31
         5         0.0219       -4908.85
         5         0.0222       -4650.82
         5         0.0225       -4402.59
         5         0.0228       -4163.57
         5         0.0231       -3933.16
         5         0.0234       -3710.84
         5         0.0237       -3496.06
         5          0.024       -3288.34
         5         0.0243        -3087.2
         5         0.0246       -2892.18
         5         0.0249       -2702.88
         5         0.0252       -2518.89
         5         0.0255       -2339.83
         5         0.0258       -2165.34
         5         0.0261       -1995.09
         5         0.0264       -1828.75
         5         0.0267       -1666.03
         5          0.027       -1506.63
         5         0.0273        -1350.3
         5         0.0276       -1196.76
         5         0.0279       -1045.79
         5         0.0282       -897.135
         5         0.0285       -750.592
         5         0.0288       -605.948
         5         0.0291       -463.011
         5         0.0294       -321.601
         5         0.0297       -181.563
         5           0.03       -42.7712
         5         0.0303              0
         5         0.0306              0
         5         0.0309              0
         5         0.0312              0
         5         0.0315              0
         5         0.0318              0
         5         0.0321              0
         5         0.0324              0
         5         0.0327              0
         5          0.033              0
         5         0.0333              0
         5         0.0336              0
         5         0.0339              0
         5         0.0342              0
         5         0.0345              0
         5         0.0348              0
         5         0.0351              0
         5         0.0354              0
         5         0.0357              0
         5          0.036              0
         5         0.0363              0
         5         0.0366              0
         5         0.0369              0
         5         0.0372              0
         5         0.0375              0
         5         0.0378              0
         5         0.0381              0
         5         0.0384              0
         5         0.0387              0
         5          0.039              0
         5         0.0393              0
         5         0.0396              0
         5         0.0399              0
         5         0.0402              0
         5         0.0405              0
         5         0.0408              0
         5         0.0411              0
         5         0.0414              0
         5         0.0417              0
         5          0.042              0
         5         0.0423              0
         5         0.0426              0
         5         0.0429              0
         5         0.0432              0
         5         0.0435              0
         5         0.0438              0
         5         0.0441              0
         5         0.0444              0
         5         0.0447              0
         5          0.045              0
         5         0.0453              0
         5         0.0456              0
         5         0.0459              0
         5         0.0462              0
         5         0.0465              0
         5         0.0468              0
         5         0.0471              0
         5         0.0474              0
         5         0.0477              0
         6         -0.048              0
         6        -0.0477              0
         6        -0.0474              0
         6        -0.0471              0
         6        -0.0468              0
         6        -0.0465              0
         6        -0.0462              0
         6        -0.0459              0
         6        -0.0456              0
         6        -0.0453              0
         6         -0.045              0
         6        -0.0447              0
         6        -0.0444              0
         6        -0.0441              0
         6        -0.0438              0
         6        -0.0435              0
         6        -0.0432              0
         6        -0.0429              0
         6        -0.0426              0
         6        -0.0423              0
         6         -0.042              0
         6        -0.0417              0
         6        -0.0414              0
         6        -0.0411              0
         6        -0.0408              0
         6        -0.0405              0
         6        -0.0402              0
         6        -0.0399              0
         6        -0.0396              0
         6        -0.0393              0
         6         -0.039              0
         6        -0.0387              0
         6        -0.0384              0
         6        -0.0381              0
         6        -0.0378              0
         6        -0.0375              0
         6        -0.0372              0
         6        -0.0369              0
         6        -0.0366              0
         6        -0.0363              0
         6         -0.036              0
         6        -0.0357              0
         6        -0.0354              0
         6        -0.0351              0
         6        -0.0348              0
         6        -0.0345              0
         6        -0.0342              0
         6        -0.0339              0
         6        -0.0336              0
         6        -0.0333              0
         6         -0.033              0
         6        -0.0327              0
         6        -0.0324              0
         6        -0.0321              0
         6        -0.0318              0
         6        -0.0315              0
         6        -0.0312              0
         6        -0.0309              0
         6        -0.0306              0
         6        -0.0303              0
         6          -0.03       -42.6518
         6        -0.0297       -181.048
         6        -0.0294       -320.665
         6        -0.0291       -461.626
         6        -0.0288       -604.081
         6        -0.0285       -748.205
         6        -0.0282       -894.188
         6        -0.0279       -1042.23
         6        -0.0276       -1192.56
         6        -0.0273       -1345.39
         6         -0.027       -1500.97
         6        -0.0267       -1659.55
         6        -0.0264        -1821.4
         6        -0.0261       -1986.81
         6        -0.0258       -2156.07
         6        -0.0255       -2329.51
         6        -0.0252       -2507.46
         6        -0.0249       -2690.28
         6        -0.0246       -2878.36
         6        -0.0243       -3072.08
         6         -0.024       -3271.88
         6        -0.0237        -3478.2
         6        -0.0234       -3691.53
         6        -0.0231       -3912.36
         6        -0.0228       -4141.23
         6        -0.0225       -4378.69
         6        -0.0222       -4625.33
         6        -0.0219       -4881.76
         6        -0.0216        -5148.6
         6        -0.0213       -5426.53
         6         -0.021        -5716.2
         6        -0.0207       -6018.28
         6        -0.0204        -6333.4
         6        -0.0201       -6662.06
         6        -0.0198       -7003.86
         6        -0.0195       -7361.35
         6        -0.0192       -7736.51
         6        -0.0189       -8130.33
         6        -0.0186       -8543.85
         6        -0.0183       -8978.17
         6         -0.018       -9434.42
         6        -0.0177       -9913.78
         6        -0.0174       -10417.5
         6        -0.0171       -10946.8
         6        -0.0168       -11503.1
         6        -0.0165       -12087.6
         6        -0.0162         -12702
         6        -0.0159       -13347.7
         6        -0.0156       -14026.4
         6        -0.0153       -14739.7
         6         -0.015       -15489.5
         6        -0.0147       -16277.9
         6        -0.0144       -17106.9
         6        -0.0141       -17978.9
         6        -0.0138       -18896.4
         6        -0.0135       -19862.1
         6        -0.0132       -20879.1
         6        -0.0129       -21950.8
         6        -0.0126       -23080.9
         6        -0.0123       -24273.4
         6         -0.012       -25533.1
         6        -0.0117       -26864.9
         6        -0.0114       -28274.8
         6        -0.0111       -29769.3
         6        -0.0108       -31355.7
         6        -0.0105       -33042.5
         6        -0.0102       -34839.4
         6        -0.0099       -36757.5
         6        -0.0096       -38809.7
         6        -0.0093         -41011
         6         -0.009       -43379.3
         6        -0.0087       -45935.4
         6        -0.0084       -48704.7
         6        -0.0081       -51717.7
         6        -0.0078       -55012.3
         6        -0.0075       -58635.5
         6        -0.0072       -62647.5
         6        -0.0069       -67126.6
         6        -0.0066       -72177.3
         6        -0.0063       -77940.9
         6         -0.006       -84602.6
         6        -0.0057       -92337.5
         6        -0.0054        -100000
         6        -0.0051        -100000
         6        -0.0048        -100000
         6        -0.0045       -99832.5
         6        -0.0042       -98475.1
         6        -0.0039       -97226.3
         6        -0.0036         -96176
         6        -0.0033       -95326.6
         6         -0.003       -94659.5
         6        -0.0027       -94151.4
         6        -0.0024       -93777.9
         6        -0.0021       -93515.5
         6        -0.0018       -93341.8
         6        -0.0015         -93236
         6        -0.0012         -93179
         6        -0.0009       -93153.9
         6        -0.0006       -93146.7
         6        -0.0003       -93146.7
         6              0       -93147.5
         6         0.0003       -93146.7
         6         0.0006       -93146.6
         6         0.0009       -93153.8
         6         0.0012       -93178.8
         6         0.0015       -93235.8
         6         0.0018       -93341.5
         6         0.0021         -93515
         6         0.0024       -93777.3
         6         0.0027       -94150.7
         6          0.003       -94658.8
         6         0.0033       -95325.6
         6         0.0036       -96174.9
         6         0.0039       -97225.1
         6         0.0042       -98473.9
         6         0.0045       -99831.4
         6         0.0048        -100000
         6         0.0051        -100000
         6         0.0054        -100000
         6         0.0057         -92350
         6          0.006         -84612
         6         0.0063       -77950.3
         6         0.0066       -72187.1
         6         0.0069       -67136.8
         6         0.0072       -62658.1
         6         0.0075       -58646.6
         6         0.0078       -55024.1
         6         0.0081       -51730.3
         6         0.0084       -48718.1
         6         0.0087       -45949.8
         6          0.009       -43394.8
         6         0.0093       -41027.8
         6         0.0096       -38827.7
         6         0.0099         -36777
         6         0.0102       -34860.4
         6         0.0105       -33065.1
         6         0.0108         -31380
         6         0.0111       -29795.4
         6         0.0114       -28302.9
         6         0.0117       -26894.9
         6          0.012       -25565.1
         6         0.0123       -24307.5
         6         0.0126       -23117.1
         6         0.0129       -21989.1
         6         0.0132       -20919.5
         6         0.0135       -19904.5
         6         0.0138       -18940.8
         6         0.0141       -18025.3
         6         0.0144       -17155.2
         6         0.0147       -16327.9
         6          0.015       -15541.2
         6         0.0153       -14792.9
         6         0.0156       -14080.9
         6         0.0159       -13403.5
         6         0.0162       -12758.8
         6         0.0165       -12145.2
         6         0.0168       -11561.2
         6         0.0171       -11005.3
         6         0.0174       -10476.2
         6         0.0177       -9972.45
         6          0.018       -9492.83
         6         0.0183        -9036.1
         6         0.0186       -8601.12
         6         0.0189       -8186.73
         6         0.0192       -7791.85
         6         0.0195       -7415.44
         6         0.0198       -7056.47
         6         0.0201       -6713.07
         6         0.0204       -6382.89
         6         0.0207       -6066.17
         6          0.021       -5762.43
         6         0.0213       -5471.03
         6         0.0216       -5191.32
         6         0.0219       -4922.65
         6         0.0222       -4664.38
         6         0.0225       -4415.88
         6         0.0228       -4176.56
         6         0.0231       -3945.84
         6         0.0234       -3723.17
         6         0.0237       -3508.02
         6          0.024       -3299.91
         6         0.0243       -3098.37
         6         0.0246       -2902.93
         6         0.0249       -2713.19
         6         0.0252       -2528.74
         6         0.0255        -2349.2
         6         0.0258       -2174.22
         6         0.0261       -2003.46
         6         0.0264       -1836.59
         6         0.0267       -1673.32
         6          0.027       -1513.36
         6         0.0273       -1356.44
         6         0.0276        -1202.3
         6         0.0279        -1050.7
         6         0.0282       -901.417
         6         0.0285       -754.222
         6         0.0288       -608.914
         6         0.0291         -465.3
         6         0.0294       -323.204
         6         0.0297       -182.474
         6           0.03       -42.9862
         6         0.0303              0
         6         0.0306              0
         6         0.0309              0
         6         0.0312              0
         6         0.0315              0
         6         0.0318              0
         6         0.0321              0
         6         0.0324              0
         6         0.0327              0
         6          0.033              0
         6         0.0333              0
         6         0.0336              0
         6         0.0339              0
         6         0.0342              0
         6         0.0345              0
         6         0.0348              0
         6         0.0351              0
         6         0.0354              0
         6         0.0357              0
         6          0.036              0
         6         0.0363              0
         6         0.0366              0
         6         0.0369              0
         6         0.0372              0
         6         0.0375              0
         6         0.0378              0
         6         0.0381              0
         6         0.0384              0
         6         0.0387              0
         6          0.039              0
         6         0.0393              0
         6         0.0396              0
         6         0.0399              0
         6         0.0402              0
         6         0.0405              0
         6         0.0408              0
         6         0.0411              0
         6         0.0414              0
         6         0.0417              0
         6          0.042              0
         6         0.0423              0
         6         0.0426              0
         6         0.0429              0
         6         0.0432              0
         6         0.0435              0
         6         0.0438              0
         6         0.0441              0
         6         0.0444              0
         6         0.0447              0
         6          0.045              0
         6         0.0453              0
         6         0.0456              0
         6         0.0459              0
         6         0.0462              0
         6         0.0465              0
         6         0.0468              0
         6         0.0471              0
         6         0.0474              0
         6         0.0477              0
