# iteration    r (m)    potential (V)
         1        -0.0315              0
         1        -0.0312              0
         1        -0.0309              0
         1        -0.0306              0
         1        -0.0303              0
         1          -0.03              0
         1        -0.0297       -39.5127
         1        -0.0294       -120.876
         1        -0.0291       -203.249
         1        -0.0288       -286.351
         1        -0.0285       -370.041
         1        -0.0282       -454.215
         1        -0.0279       -538.766
         1        -0.0276       -623.577
         1        -0.0273        -708.51
         1         -0.027       -793.409
         1        -0.0267       -878.086
         1        -0.0264       -962.321
         1        -0.0261       -1045.85
         1        -0.0258       -1128.37
         1        -0.0255       -1209.48
         1        -0.0252       -1288.75
         1        -0.0249       -1365.63
         1        -0.0246       -1439.43
         1        -0.0243       -1509.33
         1         -0.024       -1574.32
         1        -0.0237       -1633.13
         1        -0.0234       -1684.16
         1        -0.0231       -1725.35
         1        -0.0228       -1754.07
         1        -0.0225       -1766.84
         1        -0.0222       -1758.97
         1        -0.0219       -1724.02
         1        -0.0216       -1652.81
         1        -0.0213       -1531.75
         1         -0.021       -1339.74
         1        -0.0207       -1041.75
         1        -0.0204        -574.96
         1        -0.0201              0
         1        -0.0198              0
         1        -0.0195              0
         1        -0.0192       -182.911
         1        -0.0189       -1824.62
         1        -0.0186       -3090.76
         1        -0.0183       -4161.45
         1         -0.018       -5120.19
         1        -0.0177       -6011.19
         1        -0.0174       -6860.55
         1        -0.0171       -7685.08
         1        -0.0168        -8496.4
         1        -0.0165       -9303.08
         1        -0.0162       -10111.7
         1        -0.0159       -10927.8
         1        -0.0156       -11755.8
         1        -0.0153       -12599.8
         1         -0.015       -13463.6
         1        -0.0147       -14350.6
         1        -0.0144       -15264.3
         1        -0.0141       -16207.9
         1        -0.0138       -17184.8
         1        -0.0135       -18198.7
         1        -0.0132         -19253
         1        -0.0129       -20351.6
         1        -0.0126       -21498.7
         1        -0.0123       -22698.6
         1         -0.012       -23956.1
         1        -0.0117       -25276.4
         1        -0.0114       -26665.4
         1        -0.0111       -28129.3
         1        -0.0108       -29675.3
         1        -0.0105       -31311.3
         1        -0.0102       -33046.5
         1        -0.0099       -34891.1
         1        -0.0096       -36856.8
         1        -0.0093       -38957.4
         1         -0.009       -41208.5
         1        -0.0087       -43628.8
         1        -0.0084       -46240.4
         1        -0.0081       -49069.8
         1        -0.0078       -52149.2
         1        -0.0075       -55518.5
         1        -0.0072       -59227.6
         1        -0.0069       -63340.8
         1        -0.0066       -67942.5
         1        -0.0063       -73148.1
         1         -0.006       -79121.8
         1        -0.0057       -86115.9
         1        -0.0054       -94583.1
         1        -0.0051        -100000
         1        -0.0048        -100000
         1        -0.0045        -100000
         1        -0.0042       -99778.5
         1        -0.0039       -98321.7
         1        -0.0036         -97080
         1        -0.0033         -96053
         1         -0.003       -95227.5
         1        -0.0027         -94582
         1        -0.0024       -94092.2
         1        -0.0021       -93733.8
         1        -0.0018       -93483.4
         1        -0.0015       -93318.7
         1        -0.0012       -93219.2
         1        -0.0009         -93166
         1        -0.0006       -93142.8
         1        -0.0003       -93136.1
         1              0       -93136.1
         1         0.0003       -93136.8
         1         0.0006       -93136.9
         1         0.0009       -93139.1
         1         0.0012       -93150.8
         1         0.0015       -93183.1
         1         0.0018       -93250.5
         1         0.0021         -93370
         1         0.0024       -93561.2
         1         0.0027       -93845.2
         1          0.003       -94244.4
         1         0.0033       -94782.8
         1         0.0036       -95484.5
         1         0.0039       -96373.1
         1         0.0042         -97468
         1         0.0045       -98778.2
         1         0.0048        -100000
         1         0.0051        -100000
         1         0.0054        -100000
         1         0.0057        -100000
         1          0.006       -91638.1
         1         0.0063       -83732.5
         1         0.0066         -77116
         1         0.0069       -71426.2
         1         0.0072         -66445
         1         0.0075       -62026.1
         1         0.0078       -58065.3
         1         0.0081       -54485.4
         1         0.0084       -51227.2
         1         0.0087       -48244.5
         1          0.009       -45500.2
         1         0.0093       -42964.1
         1         0.0096       -40611.4
         1         0.0099       -38421.1
         1         0.0102       -36375.7
         1         0.0105       -34460.2
         1         0.0108       -32661.6
         1         0.0111       -30968.7
         1         0.0114       -29371.6
         1         0.0117       -27861.7
         1          0.012       -26431.2
         1         0.0123       -25073.3
         1         0.0126       -23781.8
         1         0.0129       -22551.1
         1         0.0132       -21376.2
         1         0.0135       -20252.3
         1         0.0138       -19175.1
         1         0.0141       -18140.5
         1         0.0144       -17144.7
         1         0.0147       -16184.2
         1          0.015       -15255.2
         1         0.0153       -14354.5
         1         0.0156       -13478.4
         1         0.0159       -12623.5
         1         0.0162         -11786
         1         0.0165       -10961.9
         1         0.0168       -10146.8
         1         0.0171        -9335.4
         1         0.0174       -8521.62
         1         0.0177        -7697.7
         1          0.018       -6853.44
         1         0.0183        -5974.7
         1         0.0186       -5040.61
         1         0.0189       -4018.01
         1         0.0192       -2849.17
         1         0.0195       -1421.55
         1         0.0198              0
         1         0.0201              0
         1         0.0204              0
         1         0.0207       -136.933
         1          0.021       -958.151
         1         0.0213       -1490.69
         1         0.0216       -1853.66
         1         0.0219       -2108.36
         1         0.0222       -2289.52
         1         0.0225       -2418.35
         1         0.0228       -2508.69
         1         0.0231       -2569.97
         1         0.0234        -2608.9
         1         0.0237       -2630.38
         1          0.024       -2638.08
         1         0.0243       -2634.82
         1         0.0246       -2622.79
         1         0.0249       -2603.72
         1         0.0252       -2578.98
         1         0.0255       -2549.69
         1         0.0258       -2516.76
         1         0.0261       -2480.93
         1         0.0264        -2442.8
         1         0.0267       -2402.89
         1          0.027       -2361.62
         1         0.0273       -2319.35
         1         0.0276       -2276.37
         1         0.0279       -2232.93
         1         0.0282       -2189.24
         1         0.0285       -2145.48
         1         0.0288       -2101.79
         1         0.0291       -2058.32
         1         0.0294       -2015.15
         1         0.0297       -1972.38
         1           0.03        -1930.1
         1         0.0303       -1888.36
         1         0.0306       -1847.21
         1         0.0309        -1806.7
         1         0.0312       -1766.87
         1         0.0315       -1727.75
         1         0.0318       -1689.36
         1         0.0321       -1651.73
         1         0.0324       -1614.86
         1         0.0327       -1578.78
         1          0.033        -1543.5
         1         0.0333       -1509.01
         1         0.0336       -1475.32
         1         0.0339       -1442.45
         1         0.0342       -1410.38
         1         0.0345       -1379.12
         1         0.0348       -1348.67
         1         0.0351       -1319.02
         1         0.0354       -1290.17
         1         0.0357       -1262.12
         1          0.036       -1234.87
         1         0.0363        -1208.4
         1         0.0366       -1182.71
         1         0.0369        -1157.8
         1         0.0372       -1133.66
         1         0.0375       -1110.29
         1         0.0378       -1087.68
         1         0.0381       -1065.82
         1         0.0384        -1044.7
         1         0.0387       -1024.33
         1          0.039       -1004.69
         1         0.0393       -985.779
         1         0.0396        -967.59
         1         0.0399       -950.116
         1         0.0402       -933.352
         1         0.0405       -917.293
         1         0.0408       -901.933
         1         0.0411       -887.267
         1         0.0414        -873.29
         1         0.0417       -859.995
         1          0.042        -847.38
         1         0.0423       -835.439
         1         0.0426       -824.169
         1         0.0429       -813.564
         1         0.0432       -803.621
         1         0.0435       -794.337
         1         0.0438       -785.708
         1         0.0441        -777.73
         1         0.0444       -770.402
         1         0.0447        -763.72
         1          0.045       -757.681
         1         0.0453       -752.284
         1         0.0456       -747.526
         1         0.0459       -743.407
         1         0.0462       -739.923
         1         0.0465       -737.074
         1         0.0468       -734.859
         1         0.0471       -733.277
         1         0.0474       -732.328
         1         0.0477        -732.01
         2        -0.0315              0
         2        -0.0312              0
         2        -0.0309              0
         2        -0.0306              0
         2        -0.0303              0
         2          -0.03              0
         2        -0.0297       -40.9069
         2        -0.0294       -125.091
         2        -0.0291       -210.254
         2        -0.0288       -296.102
         2        -0.0285       -382.492
         2        -0.0282       -469.316
         2        -0.0279       -556.461
         2        -0.0276       -643.804
         2        -0.0273       -731.206
         2         -0.027       -818.502
         2        -0.0267       -905.495
         2        -0.0264       -991.957
         2        -0.0261       -1077.62
         2        -0.0258       -1162.16
         2        -0.0255        -1245.2
         2        -0.0252       -1326.25
         2        -0.0249       -1404.73
         2        -0.0246       -1479.98
         2        -0.0243       -1551.16
         2         -0.024       -1617.22
         2        -0.0237       -1676.86
         2        -0.0234       -1728.44
         2        -0.0231       -1769.88
         2        -0.0228       -1798.46
         2        -0.0225       -1810.62
         2        -0.0222       -1801.64
         2        -0.0219       -1764.93
         2        -0.0216       -1691.13
         2        -0.0213       -1566.46
         2         -0.021       -1369.34
         2        -0.0207        -1064.2
         2        -0.0204       -587.037
         2        -0.0201              0
         2        -0.0198              0
         2        -0.0195              0
         2        -0.0192       -184.299
         2        -0.0189       -1837.77
         2        -0.0186       -3112.04
         2        -0.0183       -4188.79
         2         -0.018       -5152.24
         2        -0.0177       -6047.03
         2        -0.0174       -6899.51
         2        -0.0171       -7726.66
         2        -0.0168       -8540.19
         2        -0.0165       -9348.75
         2        -0.0162         -10159
         2        -0.0159       -10976.4
         2        -0.0156       -11805.6
         2        -0.0153       -12650.7
         2         -0.015       -13515.3
         2        -0.0147         -14403
         2        -0.0144       -15317.2
         2        -0.0141       -16261.2
         2        -0.0138       -17238.5
         2        -0.0135       -18252.6
         2        -0.0132         -19307
         2        -0.0129       -20405.7
         2        -0.0126       -21552.7
         2        -0.0123       -22752.4
         2         -0.012       -24009.6
         2        -0.0117       -25329.6
         2        -0.0114       -26718.1
         2        -0.0111       -28181.4
         2        -0.0108       -29726.7
         2        -0.0105         -31362
         2        -0.0102       -33096.3
         2        -0.0099       -34939.8
         2        -0.0096       -36904.4
         2        -0.0093       -39003.6
         2         -0.009       -41253.3
         2        -0.0087         -43672
         2        -0.0084       -46281.8
         2        -0.0081       -49109.2
         2        -0.0078       -52186.4
         2        -0.0075       -55553.2
         2        -0.0072       -59259.5
         2        -0.0069       -63369.5
         2        -0.0066       -67967.7
         2        -0.0063       -73169.3
         2         -0.006       -79138.2
         2        -0.0057       -86126.8
         2        -0.0054       -94587.4
         2        -0.0051        -100000
         2        -0.0048        -100000
         2        -0.0045        -100000
         2        -0.0042       -99778.7
         2        -0.0039       -98323.1
         2        -0.0036       -97082.4
         2        -0.0033       -96056.3
         2         -0.003       -95231.4
         2        -0.0027       -94586.4
         2        -0.0024         -94097
         2        -0.0021         -93739
         2        -0.0018       -93488.7
         2        -0.0015       -93324.2
         2        -0.0012       -93224.8
         2        -0.0009       -93171.6
         2        -0.0006       -93148.4
         2        -0.0003       -93141.8
         2              0       -93141.8
         2         0.0003       -93142.6
         2         0.0006       -93142.6
         2         0.0009       -93144.9
         2         0.0012       -93156.6
         2         0.0015       -93188.9
         2         0.0018       -93256.2
         2         0.0021       -93375.7
         2         0.0024       -93566.7
         2         0.0027       -93850.5
         2          0.003       -94249.4
         2         0.0033       -94787.3
         2         0.0036       -95488.4
         2         0.0039       -96376.3
         2         0.0042       -97470.2
         2         0.0045       -98779.3
         2         0.0048        -100000
         2         0.0051        -100000
         2         0.0054        -100000
         2         0.0057        -100000
         2          0.006       -91645.7
         2         0.0063       -83747.2
         2         0.0066       -77136.7
         2         0.0069       -71452.1
         2         0.0072       -66475.4
         2         0.0075       -62060.5
         2         0.0078       -58103.3
         2         0.0081       -54526.7
         2         0.0084       -51271.5
         2         0.0087       -48291.4
         2          0.009       -45549.6
         2         0.0093       -43015.8
         2         0.0096       -40665.1
         2         0.0099       -38476.7
         2         0.0102       -36433.1
         2         0.0105       -34519.2
         2         0.0108       -32722.2
         2         0.0111       -31030.6
         2         0.0114       -29434.8
         2         0.0117       -27926.1
         2          0.012       -26496.7
         2         0.0123       -25139.7
         2         0.0126       -23849.1
         2         0.0129       -22619.3
         2         0.0132         -21445
         2         0.0135       -20321.7
         2         0.0138       -19244.9
         2         0.0141       -18210.7
         2         0.0144       -17215.2
         2         0.0147       -16254.7
         2          0.015       -15325.8
         2         0.0153       -14424.8
         2         0.0156       -13548.4
         2         0.0159       -12692.9
         2         0.0162       -11854.6
         2         0.0165       -11029.5
         2         0.0168         -10213
         2         0.0171       -9399.86
         2         0.0174       -8583.89
         2         0.0177       -7757.22
         2          0.018       -6909.51
         2         0.0183       -6026.41
         2         0.0186       -5086.76
         2         0.0189       -4056.88
         2         0.0192       -2878.25
         2         0.0195       -1436.81
         2         0.0198              0
         2         0.0201              0
         2         0.0204              0
         2         0.0207       -141.258
         2          0.021       -989.333
         2         0.0213       -1540.57
         2         0.0216       -1917.56
         2         0.0219       -2183.26
         2         0.0222       -2373.31
         2         0.0225       -2509.54
         2         0.0228       -2606.11
         2         0.0231       -2672.69
         2         0.0234       -2716.16
         2         0.0237       -2741.56
         2          0.024       -2752.67
         2         0.0243       -2752.39
         2         0.0246       -2742.96
         2         0.0249       -2726.14
         2         0.0252       -2703.36
         2         0.0255       -2675.78
         2         0.0258       -2644.34
         2         0.0261       -2609.79
         2         0.0264       -2572.78
         2         0.0267       -2533.83
         2          0.027       -2493.38
         2         0.0273        -2451.8
         2         0.0276        -2409.4
         2         0.0279       -2366.43
         2         0.0282       -2323.12
         2         0.0285       -2279.64
         2         0.0288       -2236.16
         2         0.0291       -2192.81
         2         0.0294       -2149.71
         2         0.0297       -2106.95
         2           0.03       -2064.61
         2         0.0303       -2022.76
         2         0.0306       -1981.44
         2         0.0309       -1940.72
         2         0.0312       -1900.65
         2         0.0315       -1861.25
         2         0.0318       -1822.56
         2         0.0321       -1784.58
         2         0.0324       -1747.35
         2         0.0327       -1710.88
         2          0.033       -1675.17
         2         0.0333       -1640.25
         2         0.0336       -1606.11
         2         0.0339       -1572.76
         2         0.0342        -1540.2
         2         0.0345       -1508.45
         2         0.0348       -1477.49
         2         0.0351       -1447.32
         2         0.0354       -1417.96
         2         0.0357       -1389.39
         2          0.036       -1361.61
         2         0.0363       -1334.62
         2         0.0366       -1308.41
         2         0.0369       -1282.97
         2         0.0372       -1258.31
         2         0.0375       -1234.42
         2         0.0378        -1211.3
         2         0.0381       -1188.93
         2         0.0384       -1167.31
         2         0.0387       -1146.44
         2          0.039       -1126.31
         2         0.0393       -1106.92
         2         0.0396       -1088.26
         2         0.0399       -1070.32
         2         0.0402       -1053.11
         2         0.0405       -1036.61
         2         0.0408       -1020.82
         2         0.0411       -1005.74
         2         0.0414       -991.366
         2         0.0417       -977.688
         2          0.042       -964.703
         2         0.0423       -952.408
         2         0.0426       -940.798
         2         0.0429       -929.869
         2         0.0432       -919.619
         2         0.0435       -910.043
         2         0.0438       -901.139
         2         0.0441       -892.904
         2         0.0444       -885.337
         2         0.0447       -878.435
         2          0.045       -872.195
         2         0.0453       -866.616
         2         0.0456       -861.696
         2         0.0459       -857.435
         2         0.0462       -853.831
         2         0.0465       -850.884
         2         0.0468       -848.591
         2         0.0471       -846.952
         2         0.0474       -845.968
         2         0.0477       -845.638
         3        -0.0315              0
         3        -0.0312              0
         3        -0.0309              0
         3        -0.0306              0
         3        -0.0303              0
         3          -0.03              0
         3        -0.0297       -41.8494
         3        -0.0294       -127.944
         3        -0.0291       -214.999
         3        -0.0288       -302.711
         3        -0.0285       -390.934
         3        -0.0282       -479.553
         3        -0.0279        -568.45
         3        -0.0276       -657.501
         3        -0.0273       -746.558
         3         -0.027       -835.455
         3        -0.0267       -923.988
         3        -0.0264       -1011.93
         3        -0.0261       -1098.99
         3        -0.0258       -1184.85
         3        -0.0255       -1269.12
         3        -0.0252       -1351.31
         3        -0.0249       -1430.83
         3        -0.0246          -1507
         3        -0.0243       -1578.97
         3         -0.024       -1645.68
         3        -0.0237       -1705.81
         3        -0.0234       -1757.69
         3        -0.0231       -1799.24
         3        -0.0228        -1827.7
         3        -0.0225       -1839.45
         3        -0.0222       -1829.71
         3        -0.0219       -1791.82
         3        -0.0216       -1716.29
         3        -0.0213       -1589.21
         3         -0.021       -1388.78
         3        -0.0207       -1078.95
         3        -0.0204       -594.977
         3        -0.0201              0
         3        -0.0198              0
         3        -0.0195              0
         3        -0.0192       -185.215
         3        -0.0189       -1846.44
         3        -0.0186       -3126.07
         3        -0.0183        -4206.8
         3         -0.018       -5173.34
         3        -0.0177       -6070.63
         3        -0.0174       -6925.16
         3        -0.0171       -7754.01
         3        -0.0168       -8568.99
         3        -0.0165       -9378.77
         3        -0.0162       -10190.1
         3        -0.0159       -11008.4
         3        -0.0156       -11838.4
         3        -0.0153       -12684.1
         3         -0.015       -13549.3
         3        -0.0147       -14437.4
         3        -0.0144         -15352
         3        -0.0141       -16296.4
         3        -0.0138         -17274
         3        -0.0135       -18288.2
         3        -0.0132       -19342.8
         3        -0.0129       -20441.5
         3        -0.0126       -21588.5
         3        -0.0123       -22788.2
         3         -0.012       -24045.3
         3        -0.0117       -25365.2
         3        -0.0114       -26753.4
         3        -0.0111       -28216.4
         3        -0.0108       -29761.4
         3        -0.0105       -31396.2
         3        -0.0102         -33130
         3        -0.0099         -34973
         3        -0.0096       -36936.9
         3        -0.0093       -39035.3
         3         -0.009       -41284.1
         3        -0.0087       -43701.7
         3        -0.0084       -46310.4
         3        -0.0081       -49136.5
         3        -0.0078       -52212.2
         3        -0.0075       -55577.4
         3        -0.0072       -59281.8
         3        -0.0069       -63389.7
         3        -0.0066       -67985.5
         3        -0.0063       -73184.2
         3         -0.006       -79149.9
         3        -0.0057       -86134.6
         3        -0.0054       -94590.4
         3        -0.0051        -100000
         3        -0.0048        -100000
         3        -0.0045        -100000
         3        -0.0042       -99778.9
         3        -0.0039       -98324.4
         3        -0.0036       -97084.7
         3        -0.0033       -96059.4
         3         -0.003       -95235.4
         3        -0.0027         -94591
         3        -0.0024       -94102.1
         3        -0.0021       -93744.4
         3        -0.0018       -93494.6
         3        -0.0015       -93330.3
         3        -0.0012       -93231.1
         3        -0.0009       -93178.1
         3        -0.0006         -93155
         3        -0.0003       -93148.5
         3              0       -93148.5
         3         0.0003       -93149.3
         3         0.0006       -93149.4
         3         0.0009       -93151.6
         3         0.0012       -93163.3
         3         0.0015       -93195.5
         3         0.0018       -93262.7
         3         0.0021         -93382
         3         0.0024       -93572.7
         3         0.0027       -93856.1
         3          0.003       -94254.6
         3         0.0033       -94791.9
         3         0.0036       -95492.4
         3         0.0039       -96379.4
         3         0.0042       -97472.4
         3         0.0045       -98780.3
         3         0.0048        -100000
         3         0.0051        -100000
         3         0.0054        -100000
         3         0.0057        -100000
         3          0.006       -91651.4
         3         0.0063       -83758.3
         3         0.0066       -77152.3
         3         0.0069       -71471.4
         3         0.0072       -66498.1
         3         0.0075       -62086.2
         3         0.0078       -58131.6
         3         0.0081       -54557.3
         3         0.0084       -51304.2
         3         0.0087       -48326.1
         3          0.009         -45586
         3         0.0093       -43053.7
         3         0.0096       -40704.5
         3         0.0099       -38517.5
         3         0.0102       -36475.1
         3         0.0105       -34562.3
         3         0.0108       -32766.3
         3         0.0111       -31075.7
         3         0.0114       -29480.7
         3         0.0117       -27972.8
         3          0.012       -26544.1
         3         0.0123       -25187.9
         3         0.0126       -23897.9
         3         0.0129       -22668.5
         3         0.0132       -21494.7
         3         0.0135       -20371.8
         3         0.0138       -19295.4
         3         0.0141       -18261.4
         3         0.0144       -17266.1
         3         0.0147       -16305.7
         3          0.015       -15376.8
         3         0.0153       -14475.7
         3         0.0156         -13599
         3         0.0159       -12743.2
         3         0.0162       -11904.4
         3         0.0165       -11078.5
         3         0.0168         -10261
         3         0.0171       -9446.71
         3         0.0174        -8629.2
         3         0.0177       -7800.59
         3          0.018       -6950.42
         3         0.0183       -6064.21
         3         0.0186       -5120.53
         3         0.0189       -4085.38
         3         0.0192       -2899.61
         3         0.0195       -1448.03
         3         0.0198              0
         3         0.0201              0
         3         0.0204              0
         3         0.0207       -144.521
         3          0.021        -1012.8
         3         0.0213       -1578.06
         3         0.0216       -1965.54
         3         0.0219       -2239.51
         3         0.0222       -2436.29
         3         0.0225       -2578.12
         3         0.0228       -2679.45
         3         0.0231       -2750.14
         3         0.0234       -2797.16
         3         0.0237       -2825.68
         3          0.024       -2839.55
         3         0.0243        -2841.7
         3         0.0246        -2834.4
         3         0.0249       -2819.47
         3         0.0252       -2798.37
         3         0.0255       -2772.27
         3         0.0258       -2742.14
         3         0.0261       -2708.76
         3         0.0264       -2672.78
         3         0.0267       -2634.76
         3          0.027       -2595.13
         3         0.0273       -2554.27
         3         0.0276        -2512.5
         3         0.0279       -2470.08
         3         0.0282       -2427.23
         3         0.0285       -2384.16
         3         0.0288       -2341.02
         3         0.0291       -2297.96
         3         0.0294        -2255.1
         3         0.0297       -2212.52
         3           0.03       -2170.32
         3         0.0303       -2128.57
         3         0.0306       -2087.33
         3         0.0309       -2046.66
         3         0.0312       -2006.61
         3         0.0315       -1967.21
         3         0.0318       -1928.49
         3         0.0321       -1890.48
         3         0.0324        -1853.2
         3         0.0327       -1816.66
         3          0.033       -1780.88
         3         0.0333       -1745.87
         3         0.0336       -1711.63
         3         0.0339       -1678.17
         3         0.0342        -1645.5
         3         0.0345       -1613.62
         3         0.0348       -1582.52
         3         0.0351       -1552.22
         3         0.0354        -1522.7
         3         0.0357       -1493.97
         3          0.036       -1466.02
         3         0.0363       -1438.85
         3         0.0366       -1412.45
         3         0.0369       -1386.82
         3         0.0372       -1361.96
         3         0.0375       -1337.86
         3         0.0378       -1314.51
         3         0.0381       -1291.91
         3         0.0384       -1270.07
         3         0.0387       -1248.96
         3          0.039       -1228.59
         3         0.0393       -1208.96
         3         0.0396       -1190.05
         3         0.0399       -1171.88
         3         0.0402       -1154.42
         3         0.0405       -1137.69
         3         0.0408       -1121.67
         3         0.0411       -1106.36
         3         0.0414       -1091.77
         3         0.0417       -1077.88
         3          0.042       -1064.69
         3         0.0423        -1052.2
         3         0.0426       -1040.41
         3         0.0429       -1029.31
         3         0.0432        -1018.9
         3         0.0435       -1009.18
         3         0.0438       -1000.14
         3         0.0441        -991.78
         3         0.0444         -984.1
         3         0.0447       -977.096
         3          0.045       -970.766
         3         0.0453       -965.107
         3         0.0456       -960.118
         3         0.0459       -955.798
         3         0.0462       -952.145
         3         0.0465       -949.158
         3         0.0468       -946.835
         3         0.0471       -945.175
         3         0.0474       -944.179
         3         0.0477       -943.846
         4        -0.0315              0
         4        -0.0312              0
         4        -0.0309              0
         4        -0.0306              0
         4        -0.0303              0
         4          -0.03              0
         4        -0.0297       -42.5097
         4        -0.0294        -129.94
         4        -0.0291       -218.315
         4        -0.0288        -307.33
         4        -0.0285       -396.836
         4        -0.0282       -486.719
         4        -0.0279       -576.858
         4        -0.0276       -667.122
         4        -0.0273       -757.363
         4         -0.027        -847.41
         4        -0.0267       -937.061
         4        -0.0264       -1026.08
         4        -0.0261       -1114.18
         4        -0.0258       -1201.02
         4        -0.0255       -1286.22
         4        -0.0252       -1369.27
         4        -0.0249        -1449.6
         4        -0.0246       -1526.49
         4        -0.0243        -1599.1
         4         -0.024       -1666.34
         4        -0.0237       -1726.87
         4        -0.0234          -1779
         4        -0.0231       -1820.64
         4        -0.0228       -1849.01
         4        -0.0225       -1860.47
         4        -0.0222       -1850.15
         4        -0.0219       -1811.38
         4        -0.0216       -1734.59
         4        -0.0213       -1605.72
         4         -0.021       -1402.85
         4        -0.0207       -1089.64
         4        -0.0204       -600.726
         4        -0.0201              0
         4        -0.0198              0
         4        -0.0195              0
         4        -0.0192       -185.829
         4        -0.0189       -1852.21
         4        -0.0186       -3135.35
         4        -0.0183       -4218.62
         4         -0.018       -5187.09
         4        -0.0177       -6085.87
         4        -0.0174       -6941.58
         4        -0.0171       -7771.36
         4        -0.0168       -8587.08
         4        -0.0165       -9397.46
         4        -0.0162       -10209.2
         4        -0.0159       -11027.9
         4        -0.0156       -11858.1
         4        -0.0153         -12704
         4         -0.015       -13569.3
         4        -0.0147       -14457.5
         4        -0.0144       -15372.1
         4        -0.0141       -16316.4
         4        -0.0138       -17293.8
         4        -0.0135       -18307.9
         4        -0.0132       -19362.3
         4        -0.0129       -20460.8
         4        -0.0126       -21607.5
         4        -0.0123       -22806.9
         4         -0.012       -24063.7
         4        -0.0117       -25383.2
         4        -0.0114         -26771
         4        -0.0111       -28233.7
         4        -0.0108       -29778.2
         4        -0.0105       -31412.6
         4        -0.0102       -33145.9
         4        -0.0099       -34988.4
         4        -0.0096       -36951.8
         4        -0.0093       -39049.7
         4         -0.009       -41297.9
         4        -0.0087       -43714.9
         4        -0.0084         -46323
         4        -0.0081       -49148.4
         4        -0.0078       -52223.4
         4        -0.0075       -55587.7
         4        -0.0072       -59291.2
         4        -0.0069       -63398.2
         4        -0.0066       -67992.9
         4        -0.0063       -73190.3
         4         -0.006       -79154.7
         4        -0.0057       -86137.8
         4        -0.0054       -94591.7
         4        -0.0051        -100000
         4        -0.0048        -100000
         4        -0.0045        -100000
         4        -0.0042       -99778.9
         4        -0.0039       -98324.6
         4        -0.0036         -97085
         4        -0.0033       -96059.8
         4         -0.003       -95235.7
         4        -0.0027       -94591.4
         4        -0.0024       -94102.5
         4        -0.0021       -93744.8
         4        -0.0018       -93494.8
         4        -0.0015       -93330.5
         4        -0.0012       -93231.2
         4        -0.0009       -93178.2
         4        -0.0006       -93155.1
         4        -0.0003       -93148.5
         4              0       -93148.6
         4         0.0003       -93149.4
         4         0.0006       -93149.5
         4         0.0009       -93151.8
         4         0.0012       -93163.6
         4         0.0015       -93195.9
         4         0.0018       -93263.1
         4         0.0021       -93382.5
         4         0.0024       -93573.4
         4         0.0027       -93856.8
         4          0.003       -94255.3
         4         0.0033       -94792.6
         4         0.0036         -95493
         4         0.0039         -96380
         4         0.0042       -97472.8
         4         0.0045       -98780.6
         4         0.0048        -100000
         4         0.0051        -100000
         4         0.0054        -100000
         4         0.0057        -100000
         4          0.006       -91654.4
         4         0.0063       -83764.1
         4         0.0066       -77160.5
         4         0.0069       -71481.8
         4         0.0072       -66510.3
         4         0.0075         -62100
         4         0.0078       -58146.9
         4         0.0081       -54573.9
         4         0.0084       -51322.1
         4         0.0087       -48345.1
         4          0.009       -45606.1
         4         0.0093       -43074.8
         4         0.0096       -40726.5
         4         0.0099       -38540.4
         4         0.0102       -36498.9
         4         0.0105       -34586.9
         4         0.0108       -32791.6
         4         0.0111       -31101.7
         4         0.0114       -29507.4
         4         0.0117       -28000.1
         4          0.012         -26572
         4         0.0123       -25216.3
         4         0.0126       -23926.8
         4         0.0129         -22698
         4         0.0132       -21524.6
         4         0.0135       -20402.1
         4         0.0138         -19326
         4         0.0141       -18292.4
         4         0.0144       -17297.3
         4         0.0147       -16337.2
         4          0.015       -15408.3
         4         0.0153       -14507.3
         4         0.0156       -13630.7
         4         0.0159       -12774.7
         4         0.0162       -11935.7
         4         0.0165       -11109.4
         4         0.0168       -10291.5
         4         0.0171       -9476.48
         4         0.0174       -8658.09
         4         0.0177       -7828.33
         4          0.018       -6976.67
         4         0.0183       -6088.53
         4         0.0186       -5142.34
         4         0.0189       -4103.84
         4         0.0192       -2913.48
         4         0.0195       -1455.34
         4         0.0198              0
         4         0.0201              0
         4         0.0204              0
         4         0.0207       -146.724
         4          0.021        -1028.5
         4         0.0213       -1602.97
         4         0.0216       -1997.32
         4         0.0219        -2276.7
         4         0.0222        -2477.9
         4         0.0225       -2623.38
         4         0.0228       -2727.79
         4         0.0231       -2801.14
         4         0.0234       -2850.47
         4         0.0237       -2880.99
         4          0.024       -2896.62
         4         0.0243       -2900.32
         4         0.0246        -2894.4
         4         0.0249       -2880.71
         4         0.0252       -2860.72
         4         0.0255       -2835.62
         4         0.0258       -2806.39
         4         0.0261       -2773.81
         4         0.0264       -2738.56
         4         0.0267       -2701.18
         4          0.027       -2662.12
         4         0.0273       -2621.76
         4         0.0276       -2580.44
         4         0.0279       -2538.42
         4         0.0282       -2495.95
         4         0.0285        -2453.2
         4         0.0288       -2410.35
         4         0.0291       -2367.55
         4         0.0294       -2324.91
         4         0.0297       -2282.54
         4           0.03       -2240.51
         4         0.0303        -2198.9
         4         0.0306       -2157.77
         4         0.0309       -2117.19
         4         0.0312       -2077.21
         4         0.0315       -2037.86
         4         0.0318       -1999.17
         4         0.0321       -1961.16
         4         0.0324       -1923.85
         4         0.0327       -1887.28
         4          0.033       -1851.44
         4         0.0333       -1816.35
         4         0.0336       -1782.03
         4         0.0339       -1748.47
         4         0.0342       -1715.69
         4         0.0345       -1683.69
         4         0.0348       -1652.47
         4         0.0351       -1622.04
         4         0.0354       -1592.39
         4         0.0357       -1563.52
         4          0.036       -1535.43
         4         0.0363       -1508.13
         4         0.0366       -1481.61
         4         0.0369       -1455.86
         4         0.0372       -1430.88
         4         0.0375       -1406.68
         4         0.0378       -1383.24
         4         0.0381       -1360.57
         4         0.0384       -1338.65
         4         0.0387       -1317.49
         4          0.039       -1297.08
         4         0.0393       -1277.41
         4         0.0396       -1258.49
         4         0.0399        -1240.3
         4         0.0402       -1222.84
         4         0.0405       -1206.11
         4         0.0408       -1190.11
         4         0.0411       -1174.83
         4         0.0414       -1160.26
         4         0.0417        -1146.4
         4          0.042       -1133.24
         4         0.0423       -1120.78
         4         0.0426       -1109.03
         4         0.0429       -1097.96
         4         0.0432       -1087.59
         4         0.0435        -1077.9
         4         0.0438       -1068.89
         4         0.0441       -1060.57
         4         0.0444       -1052.92
         4         0.0447       -1045.95
         4          0.045       -1039.64
         4         0.0453       -1034.01
         4         0.0456       -1029.04
         4         0.0459       -1024.74
         4         0.0462        -1021.1
         4         0.0465       -1018.13
         4         0.0468       -1015.81
         4         0.0471       -1014.16
         4         0.0474       -1013.17
         4         0.0477       -1012.83
         5        -0.0315              0
         5        -0.0312              0
         5        -0.0309              0
         5        -0.0306              0
         5        -0.0303              0
         5          -0.03              0
         5        -0.0297       -43.0063
         5        -0.0294       -131.443
         5        -0.0291       -220.814
         5        -0.0288       -310.811
         5        -0.0285       -401.283
         5        -0.0282       -492.114
         5        -0.0279       -583.183
         5        -0.0276       -674.359
         5        -0.0273       -765.492
         5         -0.027       -856.409
         5        -0.0267       -946.904
         5        -0.0264       -1036.73
         5        -0.0261       -1125.58
         5        -0.0258       -1213.15
         5        -0.0255       -1299.01
         5        -0.0252        -1382.7
         5        -0.0249       -1463.61
         5        -0.0246       -1541.02
         5        -0.0243       -1614.08
         5         -0.024       -1681.69
         5        -0.0237       -1742.49
         5        -0.0234        -1794.8
         5        -0.0231        -1836.5
         5        -0.0228       -1864.78
         5        -0.0225       -1875.99
         5        -0.0222       -1865.23
         5        -0.0219       -1825.78
         5        -0.0216       -1748.08
         5        -0.0213       -1617.93
         5         -0.021       -1413.28
         5        -0.0207       -1097.56
         5        -0.0204       -604.991
         5        -0.0201              0
         5        -0.0198              0
         5        -0.0195              0
         5        -0.0192        -186.22
         5        -0.0189       -1855.84
         5        -0.0186       -3141.11
         5        -0.0183       -4225.88
         5         -0.018       -5195.44
         5        -0.0177       -6095.01
         5        -0.0174       -6951.29
         5        -0.0171        -7781.5
         5        -0.0168       -8597.51
         5        -0.0165       -9408.07
         5        -0.0162       -10219.9
         5        -0.0159       -11038.6
         5        -0.0156       -11868.8
         5        -0.0153       -12714.6
         5         -0.015       -13579.7
         5        -0.0147       -14467.8
         5        -0.0144       -15382.1
         5        -0.0141       -16326.2
         5        -0.0138       -17303.4
         5        -0.0135       -18317.2
         5        -0.0132       -19371.2
         5        -0.0129       -20469.4
         5        -0.0126       -21615.8
         5        -0.0123       -22814.8
         5         -0.012       -24071.2
         5        -0.0117       -25390.2
         5        -0.0114       -26777.7
         5        -0.0111       -28239.9
         5        -0.0108         -29784
         5        -0.0105         -31418
         5        -0.0102       -33150.9
         5        -0.0099       -34992.9
         5        -0.0096       -36955.8
         5        -0.0093       -39053.3
         5         -0.009       -41301.1
         5        -0.0087       -43717.7
         5        -0.0084       -46325.4
         5        -0.0081       -49150.4
         5        -0.0078       -52225.1
         5        -0.0075       -55589.1
         5        -0.0072       -59292.4
         5        -0.0069         -63399
         5        -0.0066       -67993.5
         5        -0.0063       -73190.8
         5         -0.006         -79155
         5        -0.0057         -86138
         5        -0.0054       -94591.7
         5        -0.0051        -100000
         5        -0.0048        -100000
         5        -0.0045        -100000
         5        -0.0042       -99778.9
         5        -0.0039       -98324.4
         5        -0.0036       -97084.8
         5        -0.0033       -96059.5
         5         -0.003       -95235.4
         5        -0.0027       -94590.9
         5        -0.0024       -94101.9
         5        -0.0021       -93744.2
         5        -0.0018       -93494.2
         5        -0.0015       -93329.9
         5        -0.0012       -93230.6
         5        -0.0009       -93177.5
         5        -0.0006       -93154.4
         5        -0.0003       -93147.9
         5              0       -93147.9
         5         0.0003       -93148.8
         5         0.0006       -93148.9
         5         0.0009       -93151.2
         5         0.0012         -93163
         5         0.0015       -93195.4
         5         0.0018       -93262.7
         5         0.0021       -93382.1
         5         0.0024         -93573
         5         0.0027       -93856.5
         5          0.003       -94255.1
         5         0.0033       -94792.5
         5         0.0036       -95492.9
         5         0.0039       -96379.9
         5         0.0042       -97472.8
         5         0.0045       -98780.5
         5         0.0048        -100000
         5         0.0051        -100000
         5         0.0054        -100000
         5         0.0057        -100000
         5          0.006       -91655.5
         5         0.0063       -83766.3
         5         0.0066       -77163.6
         5         0.0069       -71485.7
         5         0.0072         -66515
         5         0.0075       -62105.5
         5         0.0078       -58153.2
         5         0.0081         -54581
         5         0.0084       -51329.9
         5         0.0087       -48353.8
         5          0.009       -45615.5
         5         0.0093         -43085
         5         0.0096       -40737.5
         5         0.0099       -38552.1
         5         0.0102       -36511.3
         5         0.0105       -34600.1
         5         0.0108       -32805.5
         5         0.0111       -31116.3
         5         0.0114       -29522.7
         5         0.0117         -28016
         5          0.012       -26588.6
         5         0.0123       -25233.5
         5         0.0126       -23944.6
         5         0.0129       -22716.3
         5         0.0132       -21543.4
         5         0.0135       -20421.3
         5         0.0138       -19345.7
         5         0.0141       -18312.5
         5         0.0144       -17317.7
         5         0.0147       -16357.8
         5          0.015       -15429.3
         5         0.0153       -14528.4
         5         0.0156       -13651.9
         5         0.0159       -12795.9
         5         0.0162       -11956.8
         5         0.0165       -11130.5
         5         0.0168       -10312.3
         5         0.0171       -9496.86
         5         0.0174       -8677.92
         5         0.0177        -7847.4
         5          0.018       -6994.76
         5         0.0183       -6105.31
         5         0.0186       -5157.39
         5         0.0189       -4116.58
         5         0.0192       -2923.06
         5         0.0195       -1460.39
         5         0.0198              0
         5         0.0201              0
         5         0.0204              0
         5         0.0207       -148.303
         5          0.021       -1039.66
         5         0.0213       -1620.54
         5         0.0216       -2019.71
         5         0.0219       -2302.92
         5         0.0222       -2507.26
         5         0.0225       -2655.39
         5         0.0228       -2762.07
         5         0.0231       -2837.36
         5         0.0234        -2888.4
         5         0.0237       -2920.42
         5          0.024       -2937.35
         5         0.0243       -2942.19
         5         0.0246        -2937.3
         5         0.0249       -2924.54
         5         0.0252       -2905.39
         5         0.0255       -2881.05
         5         0.0258       -2852.48
         5         0.0261        -2820.5
         5         0.0264        -2785.8
         5         0.0267       -2748.92
         5          0.027       -2710.31
         5         0.0273       -2670.36
         5         0.0276       -2629.41
         5         0.0279       -2587.73
         5         0.0282       -2545.55
         5         0.0285       -2503.07
         5         0.0288       -2460.46
         5         0.0291       -2417.87
         5         0.0294       -2375.41
         5         0.0297       -2333.19
         5           0.03        -2291.3
         5         0.0303       -2249.81
         5         0.0306       -2208.78
         5         0.0309       -2168.29
         5         0.0312       -2128.36
         5         0.0315       -2089.05
         5         0.0318       -2050.39
         5         0.0321        -2012.4
         5         0.0324        -1975.1
         5         0.0327       -1938.52
         5          0.033       -1902.67
         5         0.0333       -1867.56
         5         0.0336       -1833.22
         5         0.0339       -1799.63
         5         0.0342       -1766.83
         5         0.0345        -1734.8
         5         0.0348       -1703.56
         5         0.0351        -1673.1
         5         0.0354       -1643.44
         5         0.0357       -1614.57
         5          0.036       -1586.49
         5         0.0363       -1559.21
         5         0.0366       -1532.71
         5         0.0369       -1506.99
         5         0.0372       -1482.06
         5         0.0375       -1457.91
         5         0.0378       -1434.53
         5         0.0381       -1411.92
         5         0.0384       -1390.08
         5         0.0387          -1369
         5          0.039       -1348.67
         5         0.0393       -1329.08
         5         0.0396       -1310.25
         5         0.0399       -1292.15
         5         0.0402       -1274.78
         5         0.0405       -1258.15
         5         0.0408       -1242.23
         5         0.0411       -1227.04
         5         0.0414       -1212.56
         5         0.0417       -1198.79
         5          0.042       -1185.72
         5         0.0423       -1173.35
         5         0.0426       -1161.67
         5         0.0429       -1150.68
         5         0.0432       -1140.38
         5         0.0435       -1130.76
         5         0.0438       -1121.83
         5         0.0441       -1113.56
         5         0.0444       -1105.97
         5         0.0447       -1099.04
         5          0.045       -1092.78
         5         0.0453       -1087.19
         5         0.0456       -1082.26
         5         0.0459       -1077.99
         5         0.0462       -1074.37
         5         0.0465       -1071.42
         5         0.0468       -1069.12
         5         0.0471       -1067.48
         5         0.0474        -1066.5
         5         0.0477       -1066.17
         6        -0.0315              0
         6        -0.0312              0
         6        -0.0309              0
         6        -0.0306              0
         6        -0.0303              0
         6          -0.03              0
         6        -0.0297          -43.4
         6        -0.0294       -132.647
         6        -0.0291       -222.828
         6        -0.0288       -313.623
         6        -0.0285       -404.873
         6        -0.0282       -496.457
         6        -0.0279       -588.252
         6        -0.0276       -680.126
         6        -0.0273       -771.927
         6         -0.027       -863.476
         6        -0.0267       -954.562
         6        -0.0264       -1044.94
         6        -0.0261       -1134.32
         6        -0.0258       -1222.36
         6        -0.0255       -1308.67
         6        -0.0252       -1392.74
         6        -0.0249       -1473.98
         6        -0.0246       -1551.67
         6        -0.0243       -1624.95
         6         -0.024       -1692.72
         6        -0.0237       -1753.62
         6        -0.0234       -1805.98
         6        -0.0231       -1847.62
         6        -0.0228       -1875.76
         6        -0.0225       -1886.73
         6        -0.0222       -1875.61
         6        -0.0219       -1835.65
         6        -0.0216       -1757.27
         6        -0.0213       -1626.19
         6         -0.021       -1420.25
         6        -0.0207       -1102.79
         6        -0.0204       -607.796
         6        -0.0201              0
         6        -0.0198              0
         6        -0.0195              0
         6        -0.0192       -186.455
         6        -0.0189       -1858.01
         6        -0.0186       -3144.54
         6        -0.0183       -4230.15
         6         -0.018        -5200.3
         6        -0.0177       -6100.28
         6        -0.0174       -6956.84
         6        -0.0171       -7787.22
         6        -0.0168       -8603.33
         6        -0.0165       -9413.91
         6        -0.0162       -10225.8
         6        -0.0159       -11044.4
         6        -0.0156       -11874.4
         6        -0.0153       -12720.1
         6         -0.015       -13585.1
         6        -0.0147       -14472.9
         6        -0.0144         -15387
         6        -0.0141       -16330.8
         6        -0.0138       -17307.7
         6        -0.0135       -18321.2
         6        -0.0132         -19375
         6        -0.0129       -20472.8
         6        -0.0126       -21618.8
         6        -0.0123       -22817.5
         6         -0.012       -24073.6
         6        -0.0117       -25392.3
         6        -0.0114       -26779.3
         6        -0.0111       -28241.2
         6        -0.0108       -29784.9
         6        -0.0105       -31418.6
         6        -0.0102       -33151.1
         6        -0.0099       -34992.8
         6        -0.0096       -36955.4
         6        -0.0093       -39052.6
         6         -0.009       -41300.2
         6        -0.0087       -43716.6
         6        -0.0084       -46324.1
         6        -0.0081         -49149
         6        -0.0078       -52223.6
         6        -0.0075       -55587.5
         6        -0.0072       -59290.8
         6        -0.0069       -63397.6
         6        -0.0066       -67992.2
         6        -0.0063       -73189.7
         6         -0.006         -79154
         6        -0.0057       -86137.4
         6        -0.0054       -94591.5
         6        -0.0051        -100000
         6        -0.0048        -100000
         6        -0.0045        -100000
         6        -0.0042       -99778.9
         6        -0.0039       -98324.3
         6        -0.0036       -97084.6
         6        -0.0033       -96059.2
         6         -0.003       -95235.1
         6        -0.0027       -94590.6
         6        -0.0024       -94101.6
         6        -0.0021       -93743.8
         6        -0.0018       -93493.8
         6        -0.0015       -93329.5
         6        -0.0012       -93230.1
         6        -0.0009       -93177.1
         6        -0.0006         -93154
         6        -0.0003       -93147.4
         6              0       -93147.5
         6         0.0003       -93148.4
         6         0.0006       -93148.5
         6         0.0009       -93150.9
         6         0.0012       -93162.7
         6         0.0015         -93195
         6         0.0018       -93262.3
         6         0.0021       -93381.8
         6         0.0024       -93572.7
         6         0.0027       -93856.2
         6          0.003       -94254.9
         6         0.0033       -94792.3
         6         0.0036       -95492.8
         6         0.0039       -96379.8
         6         0.0042       -97472.7
         6         0.0045       -98780.5
         6         0.0048        -100000
         6         0.0051        -100000
         6         0.0054        -100000
         6         0.0057        -100000
         6          0.006       -91655.7
         6         0.0063       -83766.7
         6         0.0066       -77164.2
         6         0.0069       -71486.5
         6         0.0072         -66516
         6         0.0075       -62106.8
         6         0.0078       -58154.8
         6         0.0081         -54583
         6         0.0084       -51332.3
         6         0.0087       -48356.6
         6          0.009       -45618.7
         6         0.0093       -43088.8
         6         0.0096       -40741.8
         6         0.0099       -38556.9
         6         0.0102       -36516.7
         6         0.0105       -34606.1
         6         0.0108       -32812.1
         6         0.0111       -31123.5
         6         0.0114       -29530.6
         6         0.0117       -28024.5
         6          0.012       -26597.6
         6         0.0123       -25243.2
         6         0.0126       -23954.8
         6         0.0129         -22727
         6         0.0132       -21554.7
         6         0.0135       -20433.2
         6         0.0138         -19358
         6         0.0141       -18325.2
         6         0.0144       -17330.8
         6         0.0147       -16371.3
         6          0.015         -15443
         6         0.0153       -14542.5
         6         0.0156       -13666.1
         6         0.0159       -12810.3
         6         0.0162       -11971.3
         6         0.0165       -11144.9
         6         0.0168       -10326.6
         6         0.0171       -9511.02
         6         0.0174       -8691.75
         6         0.0177       -7860.77
         6          0.018       -7007.47
         6         0.0183       -6117.14
         6         0.0186       -5168.03
         6         0.0189       -4125.61
         6         0.0192       -2929.86
         6         0.0195       -1463.97
         6         0.0198              0
         6         0.0201              0
         6         0.0204              0
         6         0.0207       -149.367
         6          0.021       -1047.45
         6         0.0213       -1633.12
         6         0.0216       -2035.94
         6         0.0219       -2322.04
         6         0.0222       -2528.71
         6         0.0225       -2678.78
         6         0.0228       -2787.09
         6         0.0231       -2863.77
         6         0.0234       -2916.02
         6         0.0237       -2949.11
         6          0.024       -2966.99
         6         0.0243       -2972.69
         6         0.0246       -2968.57
         6         0.0249        -2956.5
         6         0.0252       -2937.97
         6         0.0255       -2914.17
         6         0.0258        -2886.1
         6         0.0261       -2854.58
         6         0.0264       -2820.28
         6         0.0267       -2783.76
         6          0.027       -2745.47
         6         0.0273        -2705.8
         6         0.0276        -2665.1
         6         0.0279       -2623.63
         6         0.0282       -2581.64
         6         0.0285       -2539.34
         6         0.0288       -2496.88
         6         0.0291       -2454.41
         6         0.0294       -2412.06
         6         0.0297       -2369.94
         6           0.03       -2328.13
         6         0.0303        -2286.7
         6         0.0306       -2245.73
         6         0.0309       -2205.29
         6         0.0312       -2165.41
         6         0.0315       -2126.14
         6         0.0318       -2087.51
         6         0.0321       -2049.56
         6         0.0324        -2012.3
         6         0.0327       -1975.77
         6          0.033       -1939.97
         6         0.0333       -1904.93
         6         0.0336       -1870.65
         6         0.0339       -1837.16
         6         0.0342       -1804.44
         6         0.0345       -1772.52
         6         0.0348        -1741.4
         6         0.0351       -1711.07
         6         0.0354       -1681.53
         6         0.0357       -1652.79
         6          0.036       -1624.85
         6         0.0363        -1597.7
         6         0.0366       -1571.34
         6         0.0369       -1545.77
         6         0.0372       -1520.97
         6         0.0375       -1496.96
         6         0.0378       -1473.72
         6         0.0381       -1451.24
         6         0.0384       -1429.53
         6         0.0387       -1408.57
         6          0.039       -1388.36
         6         0.0393       -1368.89
         6         0.0396       -1350.16
         6         0.0399       -1332.16
         6         0.0402        -1314.9
         6         0.0405       -1298.35
         6         0.0408       -1282.53
         6         0.0411       -1267.41
         6         0.0414       -1253.01
         6         0.0417        -1239.3
         6          0.042       -1226.29
         6         0.0423       -1213.97
         6         0.0426       -1202.35
         6         0.0429       -1191.41
         6         0.0432       -1181.15
         6         0.0435       -1171.57
         6         0.0438       -1162.66
         6         0.0441       -1154.42
         6         0.0444       -1146.85
         6         0.0447       -1139.95
         6          0.045       -1133.71
         6         0.0453       -1128.13
         6         0.0456       -1123.21
         6         0.0459       -1118.95
         6         0.0462       -1115.34
         6         0.0465        -1112.4
         6         0.0468        -1110.1
         6         0.0471       -1108.47
         6         0.0474       -1107.48
         6         0.0477       -1107.15
