# r (m)    potential (V)    [no-anode geometry, cathode at -10000 V]
       -0.0315   -2.82536e-67
       -0.0312              0
       -0.0309              0
       -0.0306              0
       -0.0303              0
         -0.03              0
       -0.0297       -12.1592
       -0.0294       -37.8013
       -0.0291       -63.7381
       -0.0288       -89.9721
       -0.0285       -116.514
       -0.0282       -143.379
       -0.0279       -170.583
       -0.0276       -198.143
       -0.0273       -226.076
        -0.027         -254.4
       -0.0267       -283.135
       -0.0264         -312.3
       -0.0261       -341.915
       -0.0258       -372.002
       -0.0255       -402.581
       -0.0252       -433.677
       -0.0249       -465.311
       -0.0246       -497.509
       -0.0243       -530.296
        -0.024       -563.699
       -0.0237       -597.746
       -0.0234       -632.466
       -0.0231       -667.889
       -0.0228       -704.048
       -0.0225       -740.976
       -0.0222       -778.709
       -0.0219       -817.283
       -0.0216       -856.738
       -0.0213       -897.116
        -0.021        -938.46
       -0.0207       -980.816
       -0.0204       -1024.23
       -0.0201       -1068.76
       -0.0198       -1114.46
       -0.0195       -1161.38
       -0.0192       -1209.58
       -0.0189       -1259.14
       -0.0186       -1310.12
       -0.0183       -1362.58
        -0.018       -1416.62
       -0.0177       -1472.32
       -0.0174       -1529.76
       -0.0171       -1589.04
       -0.0168       -1650.27
       -0.0165       -1713.55
       -0.0162          -1779
       -0.0159       -1846.75
       -0.0156       -1916.94
       -0.0153       -1989.72
        -0.015       -2065.24
       -0.0147       -2143.69
       -0.0144       -2225.25
       -0.0141       -2310.12
       -0.0138       -2398.55
       -0.0135       -2490.76
       -0.0132       -2587.03
       -0.0129       -2687.66
       -0.0126       -2792.98
       -0.0123       -2903.34
        -0.012       -3019.15
       -0.0117       -3140.85
       -0.0114       -3268.95
       -0.0111       -3403.99
       -0.0108       -3546.62
       -0.0105       -3697.53
       -0.0102       -3857.55
       -0.0099       -4027.58
       -0.0096       -4208.71
       -0.0093       -4402.16
        -0.009       -4609.36
       -0.0087       -4832.02
       -0.0084       -5072.14
       -0.0081       -5332.13
       -0.0078       -5614.96
       -0.0075       -5924.24
       -0.0072       -6264.56
       -0.0069       -6641.78
       -0.0066       -7063.64
       -0.0063       -7540.68
        -0.006       -8087.95
       -0.0057       -8728.56
       -0.0054       -9503.97
       -0.0051         -10000
       -0.0048         -10000
       -0.0045         -10000
       -0.0042        -9979.8
       -0.0039       -9846.94
       -0.0036       -9733.74
       -0.0033       -9640.16
        -0.003       -9564.99
       -0.0027       -9506.26
       -0.0024       -9461.77
       -0.0021       -9429.28
       -0.0018       -9406.66
       -0.0015       -9391.87
       -0.0012       -9383.03
       -0.0009       -9378.44
       -0.0006       -9376.59
       -0.0003       -9376.26
             0       -9376.54
        0.0003       -9376.89
        0.0006       -9377.18
        0.0009       -9377.66
        0.0012       -9378.99
        0.0015       -9382.17
        0.0018        -9388.5
        0.0021       -9399.54
        0.0024       -9417.04
        0.0027        -9442.9
         0.003       -9479.18
        0.0033          -9528
        0.0036       -9591.58
        0.0039       -9672.01
        0.0042       -9771.06
        0.0045       -9889.54
        0.0048         -10000
        0.0051         -10000
        0.0054         -10000
        0.0057         -10000
         0.006       -9246.66
        0.0063       -8534.48
        0.0066       -7938.52
        0.0069       -7426.14
        0.0072       -6977.69
        0.0075       -6579.99
        0.0078       -6223.65
        0.0081       -5901.71
        0.0084       -5608.84
        0.0087       -5340.87
         0.009       -5094.47
        0.0093       -4866.92
        0.0096       -4655.97
        0.0099       -4459.77
        0.0102       -4276.72
        0.0105       -4105.49
        0.0108       -3944.92
        0.0111          -3794
        0.0114       -3651.86
        0.0117       -3517.75
         0.012       -3390.98
        0.0123       -3270.97
        0.0126       -3157.17
        0.0129       -3049.12
        0.0132        -2946.4
        0.0135       -2848.61
        0.0138       -2755.42
        0.0141        -2666.5
        0.0144       -2581.59
        0.0147       -2500.42
         0.015       -2422.75
        0.0153       -2348.38
        0.0156       -2277.09
        0.0159       -2208.71
        0.0162       -2143.08
        0.0165       -2080.03
        0.0168       -2019.44
        0.0171       -1961.15
        0.0174       -1905.06
        0.0177       -1851.04
         0.018          -1799
        0.0183       -1748.83
        0.0186       -1700.44
        0.0189       -1653.76
        0.0192       -1608.68
        0.0195       -1565.16
        0.0198        -1523.1
        0.0201       -1482.45
        0.0204       -1443.14
        0.0207       -1405.12
         0.021       -1368.33
        0.0213       -1332.73
        0.0216       -1298.25
        0.0219       -1264.86
        0.0222       -1232.51
        0.0225       -1201.16
        0.0228       -1170.78
        0.0231       -1141.32
        0.0234       -1112.76
        0.0237       -1085.05
         0.024       -1058.17
        0.0243       -1032.09
        0.0246       -1006.77
        0.0249         -982.2
        0.0252       -958.346
        0.0255       -935.184
        0.0258       -912.692
        0.0261       -890.847
        0.0264        -869.63
        0.0267        -849.02
         0.027       -828.997
        0.0273       -809.544
        0.0276       -790.643
        0.0279       -772.278
        0.0282       -754.432
        0.0285       -737.091
        0.0288        -720.24
        0.0291       -703.864
        0.0294       -687.952
        0.0297       -672.489
          0.03       -657.464
        0.0303       -642.864
        0.0306       -628.679
        0.0309       -614.898
        0.0312        -601.51
        0.0315       -588.506
        0.0318       -575.876
        0.0321       -563.611
        0.0324       -551.701
        0.0327       -540.139
         0.033       -528.916
        0.0333       -518.025
        0.0336       -507.457
        0.0339       -497.206
        0.0342       -487.264
        0.0345       -477.625
        0.0348       -468.283
        0.0351       -459.231
        0.0354       -450.463
        0.0357       -441.974
         0.036       -433.758
        0.0363       -425.811
        0.0366       -418.127
        0.0369       -410.701
        0.0372       -403.529
        0.0375       -396.607
        0.0378        -389.93
        0.0381       -383.494
        0.0384       -377.295
        0.0387        -371.33
         0.039       -365.594
        0.0393       -360.083
        0.0396       -354.796
        0.0399       -349.727
        0.0402       -344.875
        0.0405       -340.236
        0.0408       -335.807
        0.0411       -331.585
        0.0414       -327.568
        0.0417       -323.754
         0.042        -320.14
        0.0423       -316.724
        0.0426       -313.504
        0.0429       -310.478
        0.0432       -307.644
        0.0435       -305.001
        0.0438       -302.546
        0.0441       -300.279
        0.0444       -298.198
        0.0447       -296.301
         0.045       -294.588
        0.0453       -293.058
        0.0456       -291.709
        0.0459       -290.542
        0.0462       -289.555
        0.0465       -288.749
        0.0468       -288.122
        0.0471       -287.674
        0.0474       -287.405
        0.0477       -287.316
