# iteration    r (m)    potential (V)
         1        -0.0315       -185.658
         1        -0.0312       -185.749
         1        -0.0309       -186.023
         1        -0.0306       -186.479
         1        -0.0303        -187.12
         1          -0.03       -187.946
         1        -0.0297       -188.962
         1        -0.0294       -190.169
         1        -0.0291       -191.571
         1        -0.0288       -193.172
         1        -0.0285       -194.977
         1        -0.0282       -196.991
         1        -0.0279       -199.221
         1        -0.0276       -201.672
         1        -0.0273       -204.354
         1         -0.027       -207.273
         1        -0.0267       -210.439
         1        -0.0264       -213.862
         1        -0.0261       -217.553
         1        -0.0258       -221.524
         1        -0.0255       -225.787
         1        -0.0252       -230.357
         1        -0.0249       -235.248
         1        -0.0246       -240.477
         1        -0.0243       -246.062
         1         -0.024       -252.022
         1        -0.0237       -258.376
         1        -0.0234       -265.147
         1        -0.0231       -272.358
         1        -0.0228       -280.035
         1        -0.0225       -288.202
         1        -0.0222        -296.89
         1        -0.0219       -306.127
         1        -0.0216       -315.945
         1        -0.0213       -326.378
         1         -0.021       -337.462
         1        -0.0207       -349.233
         1        -0.0204       -361.731
         1        -0.0201       -374.997
         1        -0.0198       -389.073
         1        -0.0195       -404.005
         1        -0.0192       -419.839
         1        -0.0189       -436.624
         1        -0.0186        -454.41
         1        -0.0183        -473.25
         1         -0.018       -493.197
         1        -0.0177       -514.308
         1        -0.0174       -536.641
         1        -0.0171       -560.257
         1        -0.0168        -585.22
         1        -0.0165       -611.595
         1        -0.0162       -639.451
         1        -0.0159       -668.862
         1        -0.0156       -699.904
         1        -0.0153       -732.659
         1         -0.015       -767.213
         1        -0.0147        -803.66
         1        -0.0144       -842.099
         1        -0.0141       -882.639
         1        -0.0138       -925.396
         1        -0.0135       -970.499
         1        -0.0132       -1018.09
         1        -0.0129       -1068.31
         1        -0.0126       -1121.35
         1        -0.0123       -1177.39
         1         -0.012       -1236.63
         1        -0.0117       -1299.31
         1        -0.0114       -1365.71
         1        -0.0111        -1436.1
         1        -0.0108       -1510.82
         1        -0.0105       -1590.26
         1        -0.0102       -1674.85
         1        -0.0099       -1765.08
         1        -0.0096       -1861.52
         1        -0.0093       -1964.84
         1         -0.009       -2075.82
         1        -0.0087       -2195.38
         1        -0.0084       -2324.59
         1        -0.0081       -2464.78
         1        -0.0078       -2617.54
         1        -0.0075       -2784.85
         1        -0.0072        -2969.2
         1        -0.0069       -3173.78
         1        -0.0066        -3402.8
         1        -0.0063          -3662
         1         -0.006       -3959.56
         1        -0.0057       -4308.05
         1        -0.0054       -4730.02
         1        -0.0051          -5000
         1        -0.0048          -5000
         1        -0.0045          -5000
         1        -0.0042       -4988.94
         1        -0.0039       -4916.16
         1        -0.0036       -4854.12
         1        -0.0033        -4802.8
         1         -0.003       -4761.54
         1        -0.0027       -4729.27
         1        -0.0024       -4704.78
         1        -0.0021       -4686.85
         1        -0.0018       -4674.32
         1        -0.0015       -4666.06
         1        -0.0012       -4661.07
         1        -0.0009       -4658.39
         1        -0.0006        -4657.2
         1        -0.0003       -4656.85
         1              0       -4656.82
         1         0.0003       -4656.84
         1         0.0006       -4656.82
         1         0.0009       -4656.91
         1         0.0012       -4657.48
         1         0.0015       -4659.08
         1         0.0018       -4662.44
         1         0.0021       -4668.41
         1         0.0024       -4677.96
         1         0.0027       -4692.16
         1          0.003       -4712.13
         1         0.0033       -4739.05
         1         0.0036       -4774.15
         1         0.0039        -4818.6
         1         0.0042       -4873.36
         1         0.0045       -4938.89
         1         0.0048          -5000
         1         0.0051          -5000
         1         0.0054          -5000
         1         0.0057          -5000
         1          0.006       -4582.32
         1         0.0063       -4187.48
         1         0.0066       -3857.07
         1         0.0069       -3573.02
         1         0.0072       -3324.43
         1         0.0075          -3104
         1         0.0078       -2906.52
         1         0.0081       -2728.16
         1         0.0084       -2565.95
         1         0.0087        -2417.6
         1          0.009       -2281.27
         1         0.0093       -2155.45
         1         0.0096       -2038.91
         1         0.0099       -1930.62
         1         0.0102       -1829.72
         1         0.0105       -1735.46
         1         0.0108       -1647.22
         1         0.0111       -1564.46
         1         0.0114       -1486.69
         1         0.0117       -1413.51
         1          0.012       -1344.54
         1         0.0123       -1279.48
         1         0.0126       -1218.03
         1         0.0129       -1159.95
         1         0.0132       -1105.01
         1         0.0135          -1053
         1         0.0138       -1003.74
         1         0.0141       -957.075
         1         0.0144       -912.849
         1         0.0147       -870.926
         1          0.015       -831.184
         1         0.0153       -793.508
         1         0.0156       -757.794
         1         0.0159       -723.943
         1         0.0162       -691.865
         1         0.0165       -661.476
         1         0.0168       -632.696
         1         0.0171       -605.449
         1         0.0174       -579.665
         1         0.0177       -555.275
         1          0.018       -532.213
         1         0.0183       -510.418
         1         0.0186       -489.829
         1         0.0189       -470.389
         1         0.0192       -452.042
         1         0.0195       -434.734
         1         0.0198       -418.414
         1         0.0201       -403.033
         1         0.0204       -388.543
         1         0.0207       -374.897
         1          0.021       -362.053
         1         0.0213       -349.967
         1         0.0216         -338.6
         1         0.0219       -327.912
         1         0.0222       -317.867
         1         0.0225       -308.431
         1         0.0228        -299.57
         1         0.0231       -291.253
         1         0.0234       -283.451
         1         0.0237       -276.136
         1          0.024       -269.284
         1         0.0243       -262.869
         1         0.0246        -256.87
         1         0.0249       -251.265
         1         0.0252       -246.036
         1         0.0255       -241.163
         1         0.0258        -236.63
         1         0.0261       -232.421
         1         0.0264       -228.522
         1         0.0267       -224.919
         1          0.027         -221.6
         1         0.0273       -218.554
         1         0.0276       -215.771
         1         0.0279       -213.242
         1         0.0282       -210.958
         1         0.0285       -208.914
         1         0.0288       -207.102
         1         0.0291       -205.517
         1         0.0294       -204.153
         1         0.0297       -203.007
         1           0.03       -202.075
         1         0.0303       -201.353
         1         0.0306       -200.839
         1         0.0309       -200.532
         1         0.0312       -200.429
         2        -0.0315       -167.802
         2        -0.0312       -167.879
         2        -0.0309       -168.112
         2        -0.0306         -168.5
         2        -0.0303       -169.043
         2          -0.03       -169.746
         2        -0.0297       -170.613
         2        -0.0294       -171.641
         2        -0.0291       -172.834
         2        -0.0288       -174.197
         2        -0.0285       -175.738
         2        -0.0282       -177.462
         2        -0.0279       -179.374
         2        -0.0276       -181.477
         2        -0.0273       -183.778
         2         -0.027       -186.286
         2        -0.0267       -189.009
         2        -0.0264       -191.957
         2        -0.0261       -195.138
         2        -0.0258       -198.563
         2        -0.0255       -202.243
         2        -0.0252       -206.196
         2        -0.0249       -210.436
         2        -0.0246       -214.977
         2        -0.0243       -219.831
         2         -0.024       -225.017
         2        -0.0237       -230.558
         2        -0.0234       -236.476
         2        -0.0231       -242.789
         2        -0.0228        -249.52
         2        -0.0225       -256.695
         2        -0.0222       -264.344
         2        -0.0219       -272.499
         2        -0.0216       -281.202
         2        -0.0213       -290.484
         2         -0.021        -300.38
         2        -0.0207       -310.931
         2        -0.0204       -322.177
         2        -0.0201       -334.166
         2        -0.0198       -346.948
         2        -0.0195       -360.653
         2        -0.0192       -375.414
         2        -0.0189       -391.243
         2        -0.0186       -408.173
         2        -0.0183       -426.214
         2         -0.018       -445.398
         2        -0.0177       -465.762
         2        -0.0174       -487.358
         2        -0.0171       -510.245
         2        -0.0168       -534.482
         2        -0.0165       -560.127
         2        -0.0162        -587.25
         2        -0.0159       -615.933
         2        -0.0156       -646.253
         2        -0.0153       -678.292
         2         -0.015       -712.144
         2        -0.0147       -747.913
         2        -0.0144       -785.696
         2        -0.0141       -825.602
         2        -0.0138       -867.764
         2        -0.0135       -912.305
         2        -0.0132       -959.378
         2        -0.0129       -1009.14
         2        -0.0126       -1061.76
         2        -0.0123       -1117.44
         2         -0.012       -1176.39
         2        -0.0117       -1238.85
         2        -0.0114       -1305.09
         2        -0.0111       -1375.44
         2        -0.0108       -1450.23
         2        -0.0105       -1529.87
         2        -0.0102       -1614.82
         2        -0.0099       -1705.61
         2        -0.0096       -1802.84
         2        -0.0093       -1907.17
         2         -0.009       -2019.37
         2        -0.0087       -2140.36
         2        -0.0084       -2271.26
         2        -0.0081       -2413.42
         2        -0.0078       -2568.47
         2        -0.0075       -2738.48
         2        -0.0072       -2925.98
         2        -0.0069       -3134.29
         2        -0.0066       -3367.73
         2        -0.0063       -3632.16
         2         -0.006       -3935.98
         2        -0.0057       -4292.11
         2        -0.0054        -4723.7
         2        -0.0051          -5000
         2        -0.0048          -5000
         2        -0.0045          -5000
         2        -0.0042       -4988.03
         2        -0.0039       -4909.27
         2        -0.0036       -4841.68
         2        -0.0033       -4785.08
         2         -0.003       -4738.75
         2        -0.0027       -4701.55
         2        -0.0024       -4672.23
         2        -0.0021       -4649.56
         2        -0.0018       -4632.35
         2        -0.0015        -4619.5
         2        -0.0012       -4610.09
         2        -0.0009        -4603.3
         2        -0.0006       -4598.44
         2        -0.0003        -4595.1
         2              0       -4593.14
         2         0.0003       -4592.67
         2         0.0006       -4593.64
         2         0.0009       -4596.12
         2         0.0012       -4599.91
         2         0.0015       -4605.32
         2         0.0018       -4612.89
         2         0.0021       -4623.37
         2         0.0024       -4637.57
         2         0.0027       -4656.46
         2          0.003        -4681.2
         2         0.0033          -4713
         2         0.0036       -4753.08
         2         0.0039       -4802.66
         2         0.0042       -4862.76
         2         0.0045       -4933.94
         2         0.0048          -5000
         2         0.0051          -5000
         2         0.0054          -5000
         2         0.0057          -5000
         2          0.006       -4572.55
         2         0.0063       -4168.78
         2         0.0066       -3831.22
         2         0.0069       -3541.25
         2         0.0072       -3287.69
         2         0.0075       -3063.04
         2         0.0078       -2861.99
         2         0.0081        -2680.6
         2         0.0084       -2515.81
         2         0.0087       -2365.24
         2          0.009       -2227.01
         2         0.0093       -2099.55
         2         0.0096       -1981.61
         2         0.0099       -1872.12
         2         0.0102       -1770.23
         2         0.0105        -1675.2
         2         0.0108       -1586.41
         2         0.0111        -1503.3
         2         0.0114       -1425.35
         2         0.0117       -1352.12
         2          0.012       -1283.21
         2         0.0123       -1218.29
         2         0.0126       -1157.07
         2         0.0129       -1099.29
         2         0.0132        -1044.7
         2         0.0135       -993.091
         2         0.0138       -944.277
         2         0.0141       -898.092
         2         0.0144       -854.388
         2         0.0147       -813.025
         2          0.015        -773.87
         2         0.0153       -736.801
         2         0.0156        -701.72
         2         0.0159       -668.523
         2         0.0162        -637.11
         2         0.0165        -607.39
         2         0.0168       -579.277
         2         0.0171       -552.697
         2         0.0174       -527.577
         2         0.0177        -503.85
         2          0.018       -481.445
         2         0.0183       -460.306
         2         0.0186       -440.394
         2         0.0189       -421.665
         2         0.0192        -404.07
         2         0.0195       -387.551
         2         0.0198       -372.076
         2         0.0201       -357.629
         2         0.0204       -344.252
         2         0.0207       -331.809
         2          0.021       -320.191
         2         0.0213       -309.303
         2         0.0216       -299.111
         2         0.0219       -289.587
         2         0.0222       -280.671
         2         0.0225        -272.31
         2         0.0228       -264.496
         2         0.0231         -257.2
         2         0.0234       -250.386
         2         0.0237       -244.002
         2          0.024       -238.023
         2         0.0243        -232.43
         2         0.0246       -227.196
         2         0.0249        -222.31
         2         0.0252       -217.758
         2         0.0255       -213.526
         2         0.0258       -209.597
         2         0.0261       -205.949
         2         0.0264       -202.577
         2         0.0267        -199.46
         2          0.027       -196.589
         2         0.0273        -193.96
         2         0.0276       -191.564
         2         0.0279       -189.385
         2         0.0282       -187.416
         2         0.0285        -185.65
         2         0.0288       -184.082
         2         0.0291       -182.706
         2         0.0294       -181.527
         2         0.0297       -180.547
         2           0.03       -179.749
         2         0.0303       -179.132
         2         0.0306       -178.692
         2         0.0309       -178.437
         2         0.0312       -178.352
