# iteration    r (m)    potential (V)
         1         -0.048              0
         1        -0.0477              0
         1        -0.0474              0
         1        -0.0471              0
         1        -0.0468              0
         1        -0.0465              0
         1        -0.0462              0
         1        -0.0459              0
         1        -0.0456              0
         1        -0.0453              0
         1         -0.045              0
         1        -0.0447              0
         1        -0.0444              0
         1        -0.0441              0
         1        -0.0438              0
         1        -0.0435              0
         1        -0.0432              0
         1        -0.0429              0
         1        -0.0426              0
         1        -0.0423              0
         1         -0.042              0
         1        -0.0417              0
         1        -0.0414              0
         1        -0.0411              0
         1        -0.0408              0
         1        -0.0405              0
         1        -0.0402              0
         1        -0.0399              0
         1        -0.0396              0
         1        -0.0393              0
         1         -0.039              0
         1        -0.0387              0
         1        -0.0384              0
         1        -0.0381              0
         1        -0.0378              0
         1        -0.0375              0
         1        -0.0372              0
         1        -0.0369              0
         1        -0.0366              0
         1        -0.0363              0
         1         -0.036              0
         1        -0.0357              0
         1        -0.0354              0
         1        -0.0351              0
         1        -0.0348              0
         1        -0.0345              0
         1        -0.0342              0
         1        -0.0339              0
         1        -0.0336              0
         1        -0.0333              0
         1         -0.033              0
         1        -0.0327              0
         1        -0.0324              0
         1        -0.0321              0
         1        -0.0318              0
         1        -0.0315              0
         1        -0.0312              0
         1        -0.0309              0
         1        -0.0306              0
         1        -0.0303              0
         1          -0.03       -9.94001
         1        -0.0297       -42.2152
         1        -0.0294       -74.8114
         1        -0.0291       -107.761
         1        -0.0288       -141.105
         1        -0.0285       -174.888
         1        -0.0282       -209.161
         1        -0.0279       -243.976
         1        -0.0276       -279.389
         1        -0.0273        -315.46
         1         -0.027       -352.251
         1        -0.0267       -389.826
         1        -0.0264       -428.256
         1        -0.0261       -467.614
         1        -0.0258       -507.976
         1        -0.0255       -549.424
         1        -0.0252       -592.045
         1        -0.0249       -635.931
         1        -0.0246       -681.179
         1        -0.0243       -727.893
         1         -0.024       -776.181
         1        -0.0237       -826.159
         1        -0.0234       -877.951
         1        -0.0231       -931.686
         1        -0.0228       -987.503
         1        -0.0225       -1045.55
         1        -0.0222       -1105.97
         1        -0.0219       -1168.94
         1        -0.0216       -1234.63
         1        -0.0213        -1303.2
         1         -0.021       -1374.86
         1        -0.0207       -1449.81
         1        -0.0204       -1528.24
         1        -0.0201       -1610.37
         1        -0.0198       -1696.44
         1        -0.0195       -1786.67
         1        -0.0192       -1881.31
         1        -0.0189       -1980.61
         1        -0.0186       -2084.83
         1        -0.0183       -2194.26
         1         -0.018       -2309.16
         1        -0.0177       -2429.84
         1        -0.0174       -2556.59
         1        -0.0171       -2689.74
         1        -0.0168       -2829.62
         1        -0.0165       -2976.57
         1        -0.0162       -3130.96
         1        -0.0159       -3293.17
         1        -0.0156        -3463.6
         1        -0.0153        -3642.7
         1         -0.015       -3830.93
         1        -0.0147       -4028.77
         1        -0.0144       -4236.77
         1        -0.0141       -4455.51
         1        -0.0138       -4685.62
         1        -0.0135        -4927.8
         1        -0.0132        -5182.8
         1        -0.0129       -5451.48
         1        -0.0126       -5734.75
         1        -0.0123       -6033.65
         1         -0.012       -6349.34
         1        -0.0117       -6683.11
         1        -0.0114       -7036.39
         1        -0.0111       -7410.85
         1        -0.0108       -7808.32
         1        -0.0105       -8230.92
         1        -0.0102       -8681.08
         1        -0.0099       -9161.58
         1        -0.0096       -9675.64
         1        -0.0093       -10227.1
         1         -0.009       -10820.2
         1        -0.0087       -11460.5
         1        -0.0084       -12154.1
         1        -0.0081       -12908.7
         1        -0.0078       -13733.8
         1        -0.0075       -14641.2
         1        -0.0072       -15645.9
         1        -0.0069       -16767.7
         1        -0.0066       -18032.5
         1        -0.0063       -19475.9
         1         -0.006       -21144.1
         1        -0.0057       -23081.1
         1        -0.0054         -25000
         1        -0.0051         -25000
         1        -0.0048         -25000
         1        -0.0045         -24958
         1        -0.0042       -24618.1
         1        -0.0039       -24305.4
         1        -0.0036       -24042.4
         1        -0.0033       -23829.7
         1         -0.003       -23662.7
         1        -0.0027       -23535.4
         1        -0.0024       -23441.9
         1        -0.0021       -23376.2
         1        -0.0018       -23332.7
         1        -0.0015       -23306.2
         1        -0.0012       -23291.9
         1        -0.0009       -23285.6
         1        -0.0006       -23283.8
         1        -0.0003       -23283.8
         1              0         -23284
         1         0.0003       -23283.8
         1         0.0006       -23283.8
         1         0.0009       -23285.6
         1         0.0012       -23291.9
         1         0.0015       -23306.1
         1         0.0018       -23332.6
         1         0.0021       -23376.1
         1         0.0024       -23441.7
         1         0.0027       -23535.2
         1          0.003       -23662.5
         1         0.0033       -23829.5
         1         0.0036       -24042.1
         1         0.0039       -24305.1
         1         0.0042       -24617.8
         1         0.0045       -24957.8
         1         0.0048         -25000
         1         0.0051         -25000
         1         0.0054         -25000
         1         0.0057       -23084.3
         1          0.006       -21146.5
         1         0.0063       -19478.2
         1         0.0066       -18034.9
         1         0.0069       -16770.2
         1         0.0072       -15648.5
         1         0.0075       -14643.9
         1         0.0078       -13736.7
         1         0.0081       -12911.7
         1         0.0084       -12157.3
         1         0.0087         -11464
         1          0.009         -10824
         1         0.0093       -10231.1
         1         0.0096          -9680
         1         0.0099       -9166.28
         1         0.0102       -8686.15
         1         0.0105       -8236.39
         1         0.0108        -7814.2
         1         0.0111       -7417.17
         1         0.0114       -7043.17
         1         0.0117       -6690.36
         1          0.012       -6357.08
         1         0.0123       -6041.89
         1         0.0126       -5743.49
         1         0.0129       -5460.73
         1         0.0132       -5192.56
         1         0.0135       -4938.06
         1         0.0138       -4696.37
         1         0.0141       -4466.73
         1         0.0144       -4248.45
         1         0.0147       -4040.89
         1          0.015       -3843.45
         1         0.0153       -3655.59
         1         0.0156       -3476.83
         1         0.0159       -3306.68
         1         0.0162       -3144.72
         1         0.0165       -2990.53
         1         0.0168       -2843.72
         1         0.0171       -2703.94
         1         0.0174       -2570.84
         1         0.0177       -2444.08
         1          0.018       -2323.34
         1         0.0183       -2208.34
         1         0.0186       -2098.76
         1         0.0189       -1994.34
         1         0.0192       -1894.79
         1         0.0195       -1799.88
         1         0.0198       -1709.33
         1         0.0201       -1622.93
         1         0.0204       -1540.42
         1         0.0207        -1461.6
         1          0.021       -1386.24
         1         0.0213       -1314.15
         1         0.0216       -1245.14
         1         0.0219       -1179.01
         1         0.0222       -1115.59
         1         0.0225       -1054.71
         1         0.0228       -996.212
         1         0.0231       -939.943
         1         0.0234       -885.761
         1         0.0237       -833.527
         1          0.024       -783.114
         1         0.0243         -734.4
         1         0.0246       -687.269
         1         0.0249       -641.613
         1         0.0252       -597.328
         1         0.0255       -554.318
         1         0.0258       -512.491
         1         0.0261       -471.761
         1         0.0264       -432.045
         1         0.0267       -393.265
         1          0.027        -355.35
         1         0.0273       -318.228
         1         0.0276       -281.834
         1         0.0279       -246.105
         1         0.0282       -210.982
         1         0.0285       -176.407
         1         0.0288       -142.328
         1         0.0291       -108.693
         1         0.0294       -75.4575
         1         0.0297       -42.5793
         1           0.03       -10.0257
         1         0.0303              0
         1         0.0306              0
         1         0.0309              0
         1         0.0312              0
         1         0.0315              0
         1         0.0318              0
         1         0.0321              0
         1         0.0324              0
         1         0.0327              0
         1          0.033              0
         1         0.0333              0
         1         0.0336              0
         1         0.0339              0
         1         0.0342              0
         1         0.0345              0
         1         0.0348              0
         1         0.0351              0
         1         0.0354              0
         1         0.0357              0
         1          0.036              0
         1         0.0363              0
         1         0.0366              0
         1         0.0369              0
         1         0.0372              0
         1         0.0375              0
         1         0.0378              0
         1         0.0381              0
         1         0.0384              0
         1         0.0387              0
         1          0.039              0
         1         0.0393              0
         1         0.0396              0
         1         0.0399              0
         1         0.0402              0
         1         0.0405              0
         1         0.0408              0
         1         0.0411              0
         1         0.0414              0
         1         0.0417              0
         1          0.042              0
         1         0.0423              0
         1         0.0426              0
         1         0.0429              0
         1         0.0432              0
         1         0.0435              0
         1         0.0438              0
         1         0.0441              0
         1         0.0444              0
         1         0.0447              0
         1          0.045              0
         1         0.0453              0
         1         0.0456              0
         1         0.0459              0
         1         0.0462              0
         1         0.0465              0
         1         0.0468              0
         1         0.0471              0
         1         0.0474              0
         1         0.0477              0
         2         -0.048              0
         2        -0.0477              0
         2        -0.0474              0
         2        -0.0471              0
         2        -0.0468              0
         2        -0.0465              0
         2        -0.0462              0
         2        -0.0459              0
         2        -0.0456              0
         2        -0.0453              0
         2         -0.045              0
         2        -0.0447              0
         2        -0.0444              0
         2        -0.0441              0
         2        -0.0438              0
         2        -0.0435              0
         2        -0.0432              0
         2        -0.0429              0
         2        -0.0426              0
         2        -0.0423              0
         2         -0.042              0
         2        -0.0417              0
         2        -0.0414              0
         2        -0.0411              0
         2        -0.0408              0
         2        -0.0405              0
         2        -0.0402              0
         2        -0.0399              0
         2        -0.0396              0
         2        -0.0393              0
         2         -0.039              0
         2        -0.0387              0
         2        -0.0384              0
         2        -0.0381              0
         2        -0.0378              0
         2        -0.0375              0
         2        -0.0372              0
         2        -0.0369              0
         2        -0.0366              0
         2        -0.0363              0
         2         -0.036              0
         2        -0.0357              0
         2        -0.0354              0
         2        -0.0351              0
         2        -0.0348              0
         2        -0.0345              0
         2        -0.0342              0
         2        -0.0339              0
         2        -0.0336              0
         2        -0.0333              0
         2         -0.033              0
         2        -0.0327              0
         2        -0.0324              0
         2        -0.0321              0
         2        -0.0318              0
         2        -0.0315              0
         2        -0.0312              0
         2        -0.0309              0
         2        -0.0306              0
         2        -0.0303              0
         2          -0.03       -11.1271
         2        -0.0297       -47.2157
         2        -0.0294       -83.6023
         2        -0.0291       -120.319
         2        -0.0288       -157.407
         2        -0.0285       -194.909
         2        -0.0282       -232.876
         2        -0.0279       -271.359
         2        -0.0276       -310.415
         2        -0.0273         -350.1
         2         -0.027       -390.478
         2        -0.0267       -431.614
         2        -0.0264       -473.576
         2        -0.0261       -516.437
         2        -0.0258       -560.276
         2        -0.0255       -605.175
         2        -0.0252        -651.22
         2        -0.0249       -698.503
         2        -0.0246       -747.123
         2        -0.0243       -797.183
         2         -0.024       -848.791
         2        -0.0237       -902.061
         2        -0.0234       -957.116
         2        -0.0231       -1014.08
         2        -0.0228        -1073.1
         2        -0.0225       -1134.31
         2        -0.0222       -1197.86
         2        -0.0219       -1263.91
         2        -0.0216       -1332.63
         2        -0.0213        -1404.2
         2         -0.021       -1478.79
         2        -0.0207       -1556.59
         2        -0.0204       -1637.79
         2        -0.0201       -1722.59
         2        -0.0198       -1811.16
         2        -0.0195       -1903.69
         2        -0.0192       -2000.45
         2        -0.0189       -2101.67
         2        -0.0186       -2207.66
         2        -0.0183       -2318.68
         2         -0.018       -2435.02
         2        -0.0177       -2557.01
         2        -0.0174       -2684.94
         2        -0.0171       -2819.11
         2        -0.0168       -2959.84
         2        -0.0165        -3107.5
         2        -0.0162       -3262.49
         2        -0.0159       -3425.19
         2        -0.0156          -3596
         2        -0.0153       -3775.34
         2         -0.015       -3963.68
         2        -0.0147       -4161.48
         2        -0.0144       -4369.33
         2        -0.0141        -4587.8
         2        -0.0138       -4817.53
         2        -0.0135       -5059.18
         2        -0.0132       -5313.53
         2        -0.0129        -5581.4
         2        -0.0126       -5863.73
         2        -0.0123       -6161.53
         2         -0.012       -6475.96
         2        -0.0117       -6808.27
         2        -0.0114       -7159.91
         2        -0.0111        -7532.5
         2        -0.0108       -7927.88
         2        -0.0105       -8348.19
         2        -0.0102       -8795.81
         2        -0.0099       -9273.49
         2        -0.0096       -9784.46
         2        -0.0093       -10332.5
         2         -0.009       -10921.9
         2        -0.0087       -11557.9
         2        -0.0084       -12246.9
         2        -0.0081       -12996.5
         2        -0.0078       -13815.9
         2        -0.0075         -14717
         2        -0.0072       -15714.6
         2        -0.0069       -16828.3
         2        -0.0066         -18084
         2        -0.0063       -19516.8
         2         -0.006       -21172.7
         2        -0.0057       -23095.4
         2        -0.0054         -25000
         2        -0.0051         -25000
         2        -0.0048         -25000
         2        -0.0045       -24958.6
         2        -0.0042         -24623
         2        -0.0039       -24314.6
         2        -0.0036       -24055.4
         2        -0.0033       -23846.3
         2         -0.003       -23682.6
         2        -0.0027       -23558.4
         2        -0.0024       -23467.8
         2        -0.0021       -23404.9
         2        -0.0018       -23364.1
         2        -0.0015       -23340.1
         2        -0.0012       -23328.2
         2        -0.0009       -23323.9
         2        -0.0006       -23324.2
         2        -0.0003       -23325.5
         2              0       -23326.2
         2         0.0003       -23325.4
         2         0.0006       -23323.7
         2         0.0009       -23323.7
         2         0.0012       -23327.8
         2         0.0015       -23339.6
         2         0.0018       -23363.5
         2         0.0021       -23404.4
         2         0.0024       -23467.3
         2         0.0027         -23558
         2          0.003       -23682.2
         2         0.0033       -23845.9
         2         0.0036       -24055.1
         2         0.0039       -24314.2
         2         0.0042       -24622.7
         2         0.0045       -24958.3
         2         0.0048         -25000
         2         0.0051         -25000
         2         0.0054         -25000
         2         0.0057       -23098.5
         2          0.006         -21175
         2         0.0063         -19519
         2         0.0066       -18086.3
         2         0.0069       -16830.7
         2         0.0072       -15717.1
         2         0.0075       -14719.7
         2         0.0078       -13818.8
         2         0.0081       -12999.5
         2         0.0084       -12250.3
         2         0.0087       -11561.5
         2          0.009       -10925.8
         2         0.0093       -10336.7
         2         0.0096       -9789.06
         2         0.0099       -9278.48
         2         0.0102        -8801.2
         2         0.0105       -8354.01
         2         0.0108       -7934.16
         2         0.0111       -7539.23
         2         0.0114       -7167.13
         2         0.0117       -6816.01
         2          0.012       -6484.25
         2         0.0123        -6170.4
         2         0.0126       -5873.15
         2         0.0129       -5591.38
         2         0.0132       -5324.08
         2         0.0135       -5070.29
         2         0.0138       -4829.17
         2         0.0141       -4599.99
         2         0.0144       -4382.03
         2         0.0147       -4174.65
         2          0.015       -3977.26
         2         0.0153       -3789.34
         2         0.0156       -3610.41
         2         0.0159       -3439.96
         2         0.0162       -3277.56
         2         0.0165        -3122.8
         2         0.0168       -2975.32
         2         0.0171       -2834.71
         2         0.0174       -2700.63
         2         0.0177       -2572.75
         2          0.018       -2450.76
         2         0.0183       -2334.35
         2         0.0186       -2223.18
         2         0.0189       -2117.01
         2         0.0192       -2015.53
         2         0.0195       -1918.47
         2         0.0198       -1825.57
         2         0.0201       -1736.61
         2         0.0204       -1651.39
         2         0.0207       -1569.74
         2          0.021       -1491.48
         2         0.0213       -1416.42
         2         0.0216       -1344.36
         2         0.0219       -1275.14
         2         0.0222       -1208.59
         2         0.0225       -1144.53
         2         0.0228       -1082.82
         2         0.0231        -1023.3
         2         0.0234       -965.839
         2         0.0237       -910.295
         2          0.024       -856.544
         2         0.0243       -804.466
         2         0.0246       -753.946
         2         0.0249       -704.876
         2         0.0252       -657.153
         2         0.0255        -610.68
         2         0.0258       -565.364
         2         0.0261       -521.119
         2         0.0264       -477.861
         2         0.0267       -435.513
         2          0.027       -394.002
         2         0.0273       -353.257
         2         0.0276       -313.211
         2         0.0279       -273.804
         2         0.0282       -234.975
         2         0.0285       -196.668
         2         0.0288        -158.83
         2         0.0291       -121.411
         2         0.0294       -84.3641
         2         0.0297       -47.6491
         2           0.03       -11.2311
         2         0.0303              0
         2         0.0306              0
         2         0.0309              0
         2         0.0312              0
         2         0.0315              0
         2         0.0318              0
         2         0.0321              0
         2         0.0324              0
         2         0.0327              0
         2          0.033              0
         2         0.0333              0
         2         0.0336              0
         2         0.0339              0
         2         0.0342              0
         2         0.0345              0
         2         0.0348              0
         2         0.0351              0
         2         0.0354              0
         2         0.0357              0
         2          0.036              0
         2         0.0363              0
         2         0.0366              0
         2         0.0369              0
         2         0.0372              0
         2         0.0375              0
         2         0.0378              0
         2         0.0381              0
         2         0.0384              0
         2         0.0387              0
         2          0.039              0
         2         0.0393              0
         2         0.0396              0
         2         0.0399              0
         2         0.0402              0
         2         0.0405              0
         2         0.0408              0
         2         0.0411              0
         2         0.0414              0
         2         0.0417              0
         2          0.042              0
         2         0.0423              0
         2         0.0426              0
         2         0.0429              0
         2         0.0432              0
         2         0.0435              0
         2         0.0438              0
         2         0.0441              0
         2         0.0444              0
         2         0.0447              0
         2          0.045              0
         2         0.0453              0
         2         0.0456              0
         2         0.0459              0
         2         0.0462              0
         2         0.0465              0
         2         0.0468              0
         2         0.0471              0
         2         0.0474              0
         2         0.0477              0
         3         -0.048              0
         3        -0.0477              0
         3        -0.0474              0
         3        -0.0471              0
         3        -0.0468              0
         3        -0.0465              0
         3        -0.0462              0
         3        -0.0459              0
         3        -0.0456              0
         3        -0.0453              0
         3         -0.045              0
         3        -0.0447              0
         3        -0.0444              0
         3        -0.0441              0
         3        -0.0438              0
         3        -0.0435              0
         3        -0.0432              0
         3        -0.0429              0
         3        -0.0426              0
         3        -0.0423              0
         3         -0.042              0
         3        -0.0417              0
         3        -0.0414              0
         3        -0.0411              0
         3        -0.0408              0
         3        -0.0405              0
         3        -0.0402              0
         3        -0.0399              0
         3        -0.0396              0
         3        -0.0393              0
         3         -0.039              0
         3        -0.0387              0
         3        -0.0384              0
         3        -0.0381              0
         3        -0.0378              0
         3        -0.0375              0
         3        -0.0372              0
         3        -0.0369              0
         3        -0.0366              0
         3        -0.0363              0
         3         -0.036              0
         3        -0.0357              0
         3        -0.0354              0
         3        -0.0351              0
         3        -0.0348              0
         3        -0.0345              0
         3        -0.0342              0
         3        -0.0339              0
         3        -0.0336              0
         3        -0.0333              0
         3         -0.033              0
         3        -0.0327              0
         3        -0.0324              0
         3        -0.0321              0
         3        -0.0318              0
         3        -0.0315              0
         3        -0.0312              0
         3        -0.0309              0
         3        -0.0306              0
         3        -0.0303              0
         3          -0.03       -11.9483
         3        -0.0297       -50.6866
         3        -0.0294       -89.7124
         3        -0.0291       -129.052
         3        -0.0288       -168.745
         3        -0.0285       -208.835
         3        -0.0282        -249.37
         3        -0.0279       -290.403
         3        -0.0276       -331.989
         3        -0.0273       -374.186
         3         -0.027       -417.057
         3        -0.0267       -460.668
         3        -0.0264       -505.089
         3        -0.0261       -550.392
         3        -0.0258       -596.656
         3        -0.0255       -643.963
         3        -0.0252         -692.4
         3        -0.0249        -742.06
         3        -0.0246       -793.038
         3        -0.0243       -845.437
         3         -0.024       -899.366
         3        -0.0237       -954.939
         3        -0.0234       -1012.28
         3        -0.0231        -1071.5
         3        -0.0228       -1132.76
         3        -0.0225       -1196.18
         3        -0.0222       -1261.91
         3        -0.0219       -1330.13
         3        -0.0216       -1400.97
         3        -0.0213       -1474.63
         3         -0.021       -1551.27
         3        -0.0207       -1631.07
         3        -0.0204       -1714.21
         3        -0.0201       -1800.88
         3        -0.0198       -1891.22
         3        -0.0195       -1985.41
         3        -0.0192       -2083.68
         3        -0.0189        -2186.3
         3        -0.0186       -2293.57
         3        -0.0183       -2405.75
         3         -0.018       -2523.13
         3        -0.0177       -2646.03
         3        -0.0174       -2774.76
         3        -0.0171       -2909.63
         3        -0.0168       -3050.98
         3        -0.0165       -3199.18
         3        -0.0162       -3354.59
         3        -0.0159       -3517.59
         3        -0.0156       -3688.63
         3        -0.0153       -3868.12
         3         -0.015        -4056.5
         3        -0.0147       -4254.28
         3        -0.0144       -4462.02
         3        -0.0141       -4680.26
         3        -0.0138       -4909.67
         3        -0.0135       -5150.93
         3        -0.0132       -5404.78
         3        -0.0129       -5672.06
         3        -0.0126       -5953.69
         3        -0.0123        -6250.7
         3         -0.012       -6564.21
         3        -0.0117       -6895.48
         3        -0.0114       -7245.95
         3        -0.0111       -7617.25
         3        -0.0108        -8011.2
         3        -0.0105        -8429.9
         3        -0.0102       -8875.74
         3        -0.0099       -9351.48
         3        -0.0096       -9860.29
         3        -0.0093       -10405.9
         3         -0.009       -10992.7
         3        -0.0087       -11625.9
         3        -0.0084       -12311.6
         3        -0.0081       -13057.6
         3        -0.0078       -13873.1
         3        -0.0075       -14769.7
         3        -0.0072       -15762.4
         3        -0.0069       -16870.5
         3        -0.0066       -18119.8
         3        -0.0063       -19545.2
         3         -0.006       -21192.6
         3        -0.0057       -23105.3
         3        -0.0054         -25000
         3        -0.0051         -25000
         3        -0.0048         -25000
         3        -0.0045       -24958.9
         3        -0.0042       -24626.3
         3        -0.0039       -24320.7
         3        -0.0036       -24064.2
         3        -0.0033       -23857.5
         3         -0.003       -23695.9
         3        -0.0027       -23573.7
         3        -0.0024       -23484.9
         3        -0.0021       -23423.7
         3        -0.0018       -23384.3
         3        -0.0015       -23361.5
         3        -0.0012       -23350.4
         3        -0.0009       -23346.8
         3        -0.0006       -23347.3
         3        -0.0003       -23348.7
         3              0       -23349.7
         3         0.0003       -23349.2
         3         0.0006       -23347.9
         3         0.0009       -23347.7
         3         0.0012       -23350.9
         3         0.0015       -23361.6
         3         0.0018       -23384.2
         3         0.0021       -23423.5
         3         0.0024       -23484.8
         3         0.0027       -23573.6
         3          0.003       -23695.8
         3         0.0033       -23857.3
         3         0.0036         -24064
         3         0.0039       -24320.5
         3         0.0042       -24626.1
         3         0.0045       -24958.7
         3         0.0048         -25000
         3         0.0051         -25000
         3         0.0054         -25000
         3         0.0057       -23108.4
         3          0.006         -21195
         3         0.0063       -19547.6
         3         0.0066       -18122.2
         3         0.0069       -16873.1
         3         0.0072       -15765.1
         3         0.0075       -14772.6
         3         0.0078       -13876.2
         3         0.0081       -13060.9
         3         0.0084       -12315.3
         3         0.0087       -11629.8
         3          0.009       -10996.9
         3         0.0093       -10410.5
         3         0.0096       -9865.27
         3         0.0099       -9356.87
         3         0.0102       -8881.57
         3         0.0105       -8436.17
         3         0.0108       -8017.94
         3         0.0111       -7624.47
         3         0.0114       -7253.69
         3         0.0117       -6903.73
         3          0.012       -6572.99
         3         0.0123       -6260.05
         3         0.0126       -5963.63
         3         0.0129       -5682.59
         3         0.0132       -5415.87
         3         0.0135       -5162.57
         3         0.0138       -4921.85
         3         0.0141       -4692.96
         3         0.0144       -4475.18
         3         0.0147       -4267.89
         3          0.015       -4070.52
         3         0.0153       -3882.53
         3         0.0156       -3703.41
         3         0.0159        -3532.7
         3         0.0162       -3369.96
         3         0.0165       -3214.78
         3         0.0168       -3066.79
         3         0.0171       -2925.61
         3         0.0174       -2790.86
         3         0.0177       -2662.18
         3          0.018       -2539.28
         3         0.0183       -2421.84
         3         0.0186       -2309.54
         3         0.0189       -2202.13
         3         0.0192       -2099.24
         3         0.0195       -2000.65
         3         0.0198       -1906.09
         3         0.0201       -1815.34
         3         0.0204       -1728.25
         3         0.0207       -1644.65
         3          0.021       -1564.38
         3         0.0213       -1487.25
         3         0.0216       -1413.09
         3         0.0219       -1341.72
         3         0.0222       -1272.99
         3         0.0225       -1206.73
         3         0.0228       -1142.78
         3         0.0231       -1081.01
         3         0.0234       -1021.26
         3         0.0237       -963.414
         3          0.024        -907.34
         3         0.0243        -852.92
         3         0.0246        -800.04
         3         0.0249       -748.593
         3         0.0252       -698.477
         3         0.0255       -649.596
         3         0.0258       -601.856
         3         0.0261       -555.171
         3         0.0264       -509.458
         3         0.0267       -464.638
         3          0.027       -420.639
         3         0.0273        -377.39
         3         0.0276       -334.824
         3         0.0279       -292.878
         3         0.0282       -251.493
         3         0.0285       -210.612
         3         0.0288       -170.182
         3         0.0291       -130.155
         3         0.0294       -90.4824
         3         0.0297       -51.1265
         3           0.03       -12.0545
         3         0.0303              0
         3         0.0306              0
         3         0.0309              0
         3         0.0312              0
         3         0.0315              0
         3         0.0318              0
         3         0.0321              0
         3         0.0324              0
         3         0.0327              0
         3          0.033              0
         3         0.0333              0
         3         0.0336              0
         3         0.0339              0
         3         0.0342              0
         3         0.0345              0
         3         0.0348              0
         3         0.0351              0
         3         0.0354              0
         3         0.0357              0
         3          0.036              0
         3         0.0363              0
         3         0.0366              0
         3         0.0369              0
         3         0.0372              0
         3         0.0375              0
         3         0.0378              0
         3         0.0381              0
         3         0.0384              0
         3         0.0387              0
         3          0.039              0
         3         0.0393              0
         3         0.0396              0
         3         0.0399              0
         3         0.0402              0
         3         0.0405              0
         3         0.0408              0
         3         0.0411              0
         3         0.0414              0
         3         0.0417              0
         3          0.042              0
         3         0.0423              0
         3         0.0426              0
         3         0.0429              0
         3         0.0432              0
         3         0.0435              0
         3         0.0438              0
         3         0.0441              0
         3         0.0444              0
         3         0.0447              0
         3          0.045              0
         3         0.0453              0
         3         0.0456              0
         3         0.0459              0
         3         0.0462              0
         3         0.0465              0
         3         0.0468              0
         3         0.0471              0
         3         0.0474              0
         3         0.0477              0
         4         -0.048              0
         4        -0.0477              0
         4        -0.0474              0
         4        -0.0471              0
         4        -0.0468              0
         4        -0.0465              0
         4        -0.0462              0
         4        -0.0459              0
         4        -0.0456              0
         4        -0.0453              0
         4         -0.045              0
         4        -0.0447              0
         4        -0.0444              0
         4        -0.0441              0
         4        -0.0438              0
         4        -0.0435              0
         4        -0.0432              0
         4        -0.0429              0
         4        -0.0426              0
         4        -0.0423              0
         4         -0.042              0
         4        -0.0417              0
         4        -0.0414              0
         4        -0.0411              0
         4        -0.0408              0
         4        -0.0405              0
         4        -0.0402              0
         4        -0.0399              0
         4        -0.0396              0
         4        -0.0393              0
         4         -0.039              0
         4        -0.0387              0
         4        -0.0384              0
         4        -0.0381              0
         4        -0.0378              0
         4        -0.0375              0
         4        -0.0372              0
         4        -0.0369              0
         4        -0.0366              0
         4        -0.0363              0
         4         -0.036              0
         4        -0.0357              0
         4        -0.0354              0
         4        -0.0351              0
         4        -0.0348              0
         4        -0.0345              0
         4        -0.0342              0
         4        -0.0339              0
         4        -0.0336              0
         4        -0.0333              0
         4         -0.033              0
         4        -0.0327              0
         4        -0.0324              0
         4        -0.0321              0
         4        -0.0318              0
         4        -0.0315              0
         4        -0.0312              0
         4        -0.0309              0
         4        -0.0306              0
         4        -0.0303              0
         4          -0.03       -12.5226
         4        -0.0297       -53.1114
         4        -0.0294       -93.9756
         4        -0.0291       -135.141
         4        -0.0288       -176.647
         4        -0.0285       -218.538
         4        -0.0282       -260.861
         4        -0.0279        -303.67
         4        -0.0276       -347.021
         4        -0.0273        -390.97
         4         -0.027       -435.583
         4        -0.0267       -480.922
         4        -0.0264       -527.059
         4        -0.0261       -574.066
         4        -0.0258        -622.02
         4        -0.0255       -671.005
         4        -0.0252       -721.108
         4        -0.0249       -772.419
         4        -0.0246       -825.035
         4        -0.0243       -879.061
         4         -0.024       -934.603
         4        -0.0237       -991.778
         4        -0.0234        -1050.7
         4        -0.0231       -1111.51
         4        -0.0228       -1174.32
         4        -0.0225       -1239.29
         4        -0.0222       -1306.57
         4        -0.0219        -1376.3
         4        -0.0216       -1448.65
         4        -0.0213       -1523.78
         4         -0.021       -1601.87
         4        -0.0207       -1683.09
         4        -0.0204       -1767.62
         4        -0.0201       -1855.63
         4        -0.0198       -1947.23
         4        -0.0195       -2042.58
         4        -0.0192       -2141.93
         4        -0.0189       -2245.55
         4        -0.0186       -2353.73
         4        -0.0183       -2466.73
         4         -0.018       -2584.85
         4        -0.0177       -2708.43
         4        -0.0174       -2837.73
         4        -0.0171       -2973.11
         4        -0.0168        -3114.9
         4        -0.0165       -3263.48
         4        -0.0162       -3419.23
         4        -0.0159       -3582.49
         4        -0.0156       -3753.73
         4        -0.0153       -3933.33
         4         -0.015       -4121.79
         4        -0.0147       -4319.59
         4        -0.0144       -4527.27
         4        -0.0141        -4745.4
         4        -0.0138       -4974.62
         4        -0.0135       -5215.62
         4        -0.0132       -5469.12
         4        -0.0129       -5735.98
         4        -0.0126       -6017.13
         4        -0.0123        -6313.6
         4         -0.012       -6626.48
         4        -0.0117       -6957.03
         4        -0.0114       -7306.69
         4        -0.0111       -7677.09
         4        -0.0108       -8070.02
         4        -0.0105        -8487.6
         4        -0.0102        -8932.2
         4        -0.0099       -9406.57
         4        -0.0096       -9913.86
         4        -0.0093       -10457.8
         4         -0.009       -11042.7
         4        -0.0087       -11673.8
         4        -0.0084       -12357.4
         4        -0.0081       -13100.8
         4        -0.0078       -13913.5
         4        -0.0075         -14807
         4        -0.0072       -15796.2
         4        -0.0069       -16900.3
         4        -0.0066         -18145
         4        -0.0063       -19565.3
         4         -0.006       -21206.6
         4        -0.0057       -23112.3
         4        -0.0054         -25000
         4        -0.0051         -25000
         4        -0.0048         -25000
         4        -0.0045       -24959.2
         4        -0.0042       -24628.6
         4        -0.0039       -24324.9
         4        -0.0036       -24070.3
         4        -0.0033       -23865.2
         4         -0.003       -23705.1
         4        -0.0027       -23584.3
         4        -0.0024       -23496.6
         4        -0.0021       -23436.4
         4        -0.0018         -23398
         4        -0.0015         -23376
         4        -0.0012       -23365.6
         4        -0.0009       -23362.4
         4        -0.0006       -23362.9
         4        -0.0003       -23364.3
         4              0       -23365.4
         4         0.0003         -23365
         4         0.0006       -23363.8
         4         0.0009       -23363.3
         4         0.0012       -23366.1
         4         0.0015       -23376.3
         4         0.0018         -23398
         4         0.0021       -23436.3
         4         0.0024       -23496.5
         4         0.0027       -23584.1
         4          0.003         -23705
         4         0.0033         -23865
         4         0.0036       -24070.1
         4         0.0039       -24324.8
         4         0.0042       -24628.4
         4         0.0045       -24958.9
         4         0.0048         -25000
         4         0.0051         -25000
         4         0.0054         -25000
         4         0.0057       -23115.4
         4          0.006         -21209
         4         0.0063       -19567.7
         4         0.0066       -18147.6
         4         0.0069       -16902.9
         4         0.0072         -15799
         4         0.0075         -14810
         4         0.0078       -13916.7
         4         0.0081       -13104.3
         4         0.0084       -12361.1
         4         0.0087       -11677.9
         4          0.009       -11047.1
         4         0.0093       -10462.5
         4         0.0096          -9919
         4         0.0099       -9412.12
         4         0.0102        -8938.2
         4         0.0105       -8494.03
         4         0.0108        -8076.9
         4         0.0111       -7684.43
         4         0.0114       -7314.55
         4         0.0117       -6965.38
         4          0.012       -6635.34
         4         0.0123       -6323.01
         4         0.0126       -6027.12
         4         0.0129       -5746.53
         4         0.0132       -5480.23
         4         0.0135       -5227.26
         4         0.0138       -4986.81
         4         0.0141       -4758.14
         4         0.0144       -4540.52
         4         0.0147       -4333.33
         4          0.015       -4135.98
         4         0.0153       -3947.95
         4         0.0156       -3768.73
         4         0.0159       -3597.87
         4         0.0162        -3434.9
         4         0.0165       -3279.42
         4         0.0168       -3131.05
         4         0.0171        -2989.4
         4         0.0174       -2854.11
         4         0.0177       -2724.83
         4          0.018       -2601.25
         4         0.0183       -2483.08
         4         0.0186       -2369.99
         4         0.0189       -2261.69
         4         0.0192       -2157.83
         4         0.0195       -2058.19
         4         0.0198       -1962.49
         4         0.0201       -1870.48
         4         0.0204       -1782.03
         4         0.0207       -1697.02
         4          0.021        -1615.3
         4         0.0213       -1536.69
         4         0.0216       -1461.02
         4         0.0219       -1388.14
         4         0.0222       -1317.86
         4         0.0225       -1250.04
         4         0.0228       -1184.52
         4         0.0231       -1121.16
         4         0.0234       -1059.82
         4         0.0237       -1000.37
         4          0.024       -942.673
         4         0.0243       -886.621
         4         0.0246       -832.098
         4         0.0249       -778.996
         4         0.0252       -727.213
         4         0.0255       -676.652
         4         0.0258       -627.221
         4         0.0261       -578.833
         4         0.0264       -531.405
         4         0.0267        -484.86
         4          0.027       -439.124
         4         0.0273       -394.127
         4         0.0276       -349.803
         4         0.0279       -306.089
         4         0.0282       -262.924
         4         0.0285       -220.254
         4         0.0288       -178.026
         4         0.0291        -136.19
         4         0.0294       -94.7008
         4         0.0297       -53.5205
         4           0.03         -12.62
         4         0.0303              0
         4         0.0306              0
         4         0.0309              0
         4         0.0312              0
         4         0.0315              0
         4         0.0318              0
         4         0.0321              0
         4         0.0324              0
         4         0.0327              0
         4          0.033              0
         4         0.0333              0
         4         0.0336              0
         4         0.0339              0
         4         0.0342              0
         4         0.0345              0
         4         0.0348              0
         4         0.0351              0
         4         0.0354              0
         4         0.0357              0
         4          0.036              0
         4         0.0363              0
         4         0.0366              0
         4         0.0369              0
         4         0.0372              0
         4         0.0375              0
         4         0.0378              0
         4         0.0381              0
         4         0.0384              0
         4         0.0387              0
         4          0.039              0
         4         0.0393              0
         4         0.0396              0
         4         0.0399              0
         4         0.0402              0
         4         0.0405              0
         4         0.0408              0
         4         0.0411              0
         4         0.0414              0
         4         0.0417              0
         4          0.042              0
         4         0.0423              0
         4         0.0426              0
         4         0.0429              0
         4         0.0432              0
         4         0.0435              0
         4         0.0438              0
         4         0.0441              0
         4         0.0444              0
         4         0.0447              0
         4          0.045              0
         4         0.0453              0
         4         0.0456              0
         4         0.0459              0
         4         0.0462              0
         4         0.0465              0
         4         0.0468              0
         4         0.0471              0
         4         0.0474              0
         4         0.0477              0
         5         -0.048              0
         5        -0.0477              0
         5        -0.0474              0
         5        -0.0471              0
         5        -0.0468              0
         5        -0.0465              0
         5        -0.0462              0
         5        -0.0459              0
         5        -0.0456              0
         5        -0.0453              0
         5         -0.045              0
         5        -0.0447              0
         5        -0.0444              0
         5        -0.0441              0
         5        -0.0438              0
         5        -0.0435              0
         5        -0.0432              0
         5        -0.0429              0
         5        -0.0426              0
         5        -0.0423              0
         5         -0.042              0
         5        -0.0417              0
         5        -0.0414              0
         5        -0.0411              0
         5        -0.0408              0
         5        -0.0405              0
         5        -0.0402              0
         5        -0.0399              0
         5        -0.0396              0
         5        -0.0393              0
         5         -0.039              0
         5        -0.0387              0
         5        -0.0384              0
         5        -0.0381              0
         5        -0.0378              0
         5        -0.0375              0
         5        -0.0372              0
         5        -0.0369              0
         5        -0.0366              0
         5        -0.0363              0
         5         -0.036              0
         5        -0.0357              0
         5        -0.0354              0
         5        -0.0351              0
         5        -0.0348              0
         5        -0.0345              0
         5        -0.0342              0
         5        -0.0339              0
         5        -0.0336              0
         5        -0.0333              0
         5         -0.033              0
         5        -0.0327              0
         5        -0.0324              0
         5        -0.0321              0
         5        -0.0318              0
         5        -0.0315              0
         5        -0.0312              0
         5        -0.0309              0
         5        -0.0306              0
         5        -0.0303              0
         5          -0.03       -12.9094
         5        -0.0297       -54.7487
         5        -0.0294       -96.8598
         5        -0.0291       -139.267
         5        -0.0288       -182.008
         5        -0.0285       -225.127
         5        -0.0282       -268.673
         5        -0.0279       -312.698
         5        -0.0276       -357.257
         5        -0.0273        -402.41
         5         -0.027       -448.218
         5        -0.0267       -494.748
         5        -0.0264       -542.068
         5        -0.0261       -590.252
         5        -0.0258       -639.377
         5        -0.0255       -689.526
         5        -0.0252       -740.785
         5        -0.0249       -793.247
         5        -0.0246       -847.007
         5        -0.0243        -902.17
         5         -0.024       -958.844
         5        -0.0237       -1017.14
         5        -0.0234       -1077.19
         5        -0.0231        -1139.1
         5        -0.0228       -1203.02
         5        -0.0225       -1269.09
         5        -0.0222       -1337.45
         5        -0.0219       -1408.26
         5        -0.0216       -1481.68
         5        -0.0213       -1557.87
         5         -0.021       -1637.01
         5        -0.0207       -1719.25
         5        -0.0204       -1804.78
         5        -0.0201       -1893.75
         5        -0.0198       -1986.28
         5        -0.0195       -2082.48
         5        -0.0192       -2182.62
         5        -0.0189       -2286.96
         5        -0.0186       -2395.79
         5        -0.0183       -2509.35
         5         -0.018       -2627.97
         5        -0.0177       -2752.01
         5        -0.0174       -2881.75
         5        -0.0171       -3017.53
         5        -0.0168       -3159.68
         5        -0.0165       -3308.58
         5        -0.0162        -3464.6
         5        -0.0159       -3628.11
         5        -0.0156       -3799.56
         5        -0.0153       -3979.32
         5         -0.015       -4167.88
         5        -0.0147       -4365.74
         5        -0.0144       -4573.45
         5        -0.0141       -4791.56
         5        -0.0138       -5020.71
         5        -0.0135       -5261.58
         5        -0.0132       -5514.91
         5        -0.0129       -5781.56
         5        -0.0126       -6062.41
         5        -0.0123       -6358.51
         5         -0.012       -6670.98
         5        -0.0117       -7001.07
         5        -0.0114       -7350.21
         5        -0.0111       -7720.02
         5        -0.0108        -8112.3
         5        -0.0105       -8529.13
         5        -0.0102        -8972.9
         5        -0.0099       -9446.33
         5        -0.0096       -9952.57
         5        -0.0093       -10495.3
         5         -0.009       -11078.9
         5        -0.0087       -11708.6
         5        -0.0084       -12390.4
         5        -0.0081       -13132.1
         5        -0.0078       -13942.7
         5        -0.0075       -14833.9
         5        -0.0072       -15820.6
         5        -0.0069       -16921.8
         5        -0.0066       -18163.3
         5        -0.0063       -19579.8
         5         -0.006       -21216.8
         5        -0.0057       -23117.3
         5        -0.0054         -25000
         5        -0.0051         -25000
         5        -0.0048         -25000
         5        -0.0045       -24959.4
         5        -0.0042       -24630.3
         5        -0.0039       -24328.2
         5        -0.0036       -24074.8
         5        -0.0033       -23870.9
         5         -0.003       -23711.8
         5        -0.0027       -23591.9
         5        -0.0024         -23505
         5        -0.0021       -23445.6
         5        -0.0018       -23407.8
         5        -0.0015       -23386.4
         5        -0.0012       -23376.5
         5        -0.0009       -23373.8
         5        -0.0006       -23374.7
         5        -0.0003       -23376.3
         5              0       -23377.5
         5         0.0003       -23377.1
         5         0.0006       -23375.8
         5         0.0009       -23375.2
         5         0.0012       -23377.6
         5         0.0015       -23387.4
         5         0.0018       -23408.6
         5         0.0021       -23446.1
         5         0.0024       -23505.4
         5         0.0027       -23592.1
         5          0.003         -23712
         5         0.0033       -23870.9
         5         0.0036       -24074.8
         5         0.0039         -24328
         5         0.0042       -24630.1
         5         0.0045       -24959.1
         5         0.0048         -25000
         5         0.0051         -25000
         5         0.0054         -25000
         5         0.0057       -23120.5
         5          0.006       -21219.2
         5         0.0063       -19582.2
         5         0.0066       -18165.9
         5         0.0069       -16924.5
         5         0.0072       -15823.5
         5         0.0075         -14837
         5         0.0078         -13946
         5         0.0081       -13135.6
         5         0.0084       -12394.3
         5         0.0087       -11712.7
         5          0.009       -11083.4
         5         0.0093       -10500.2
         5         0.0096       -9957.87
         5         0.0099       -9452.08
         5         0.0102       -8979.13
         5         0.0105       -8535.85
         5         0.0108       -8119.53
         5         0.0111       -7727.78
         5         0.0114       -7358.55
         5         0.0117       -7009.96
         5          0.012       -6680.43
         5         0.0123       -6368.55
         5         0.0126       -6073.03
         5         0.0129       -5792.76
         5         0.0132       -5526.72
         5         0.0135       -5273.98
         5         0.0138       -5033.71
         5         0.0141       -4805.18
         5         0.0144       -4587.66
         5         0.0147       -4380.53
         5          0.015        -4183.2
         5         0.0153       -3995.15
         5         0.0156       -3815.85
         5         0.0159       -3644.86
         5         0.0162       -3481.73
         5         0.0165       -3325.99
         5         0.0168       -3177.28
         5         0.0171       -3035.27
         5         0.0174       -2899.56
         5         0.0177       -2769.85
         5          0.018        -2645.8
         5         0.0183       -2527.06
         5         0.0186        -2413.4
         5         0.0189       -2304.44
         5         0.0192       -2199.85
         5         0.0195       -2099.42
         5         0.0198       -2002.86
         5         0.0201       -1909.89
         5         0.0204       -1820.45
         5         0.0207       -1734.41
         5          0.021       -1651.63
         5         0.0213       -1571.94
         5         0.0216       -1495.19
         5         0.0219        -1421.2
         5         0.0222       -1349.81
         5         0.0225       -1280.86
         5         0.0228       -1214.21
         5         0.0231       -1149.71
         5         0.0234       -1087.23
         5         0.0237       -1026.62
         5          0.024       -967.774
         5         0.0243       -910.558
         5         0.0246       -854.863
         5         0.0249       -800.583
         5         0.0252       -747.615
         5         0.0255       -695.862
         5         0.0258       -645.231
         5         0.0261       -595.637
         5         0.0264       -546.995
         5         0.0267       -499.229
         5          0.027       -452.264
         5         0.0273       -406.032
         5         0.0276       -360.464
         5         0.0279       -315.498
         5         0.0282       -271.075
         5         0.0285       -227.138
         5         0.0288       -183.633
         5         0.0291       -140.512
         5         0.0294       -97.7282
         5         0.0297       -55.2444
         5           0.03       -13.0305
         5         0.0303              0
         5         0.0306              0
         5         0.0309              0
         5         0.0312              0
         5         0.0315              0
         5         0.0318              0
         5         0.0321              0
         5         0.0324              0
         5         0.0327              0
         5          0.033              0
         5         0.0333              0
         5         0.0336              0
         5         0.0339              0
         5         0.0342              0
         5         0.0345              0
         5         0.0348              0
         5         0.0351              0
         5         0.0354              0
         5         0.0357              0
         5          0.036              0
         5         0.0363              0
         5         0.0366              0
         5         0.0369              0
         5         0.0372              0
         5         0.0375              0
         5         0.0378              0
         5         0.0381              0
         5         0.0384              0
         5         0.0387              0
         5          0.039              0
         5         0.0393              0
         5         0.0396              0
         5         0.0399              0
         5         0.0402              0
         5         0.0405              0
         5         0.0408              0
         5         0.0411              0
         5         0.0414              0
         5         0.0417              0
         5          0.042              0
         5         0.0423              0
         5         0.0426              0
         5         0.0429              0
         5         0.0432              0
         5         0.0435              0
         5         0.0438              0
         5         0.0441              0
         5         0.0444              0
         5         0.0447              0
         5          0.045              0
         5         0.0453              0
         5         0.0456              0
         5         0.0459              0
         5         0.0462              0
         5         0.0465              0
         5         0.0468              0
         5         0.0471              0
         5         0.0474              0
         5         0.0477              0
