# iteration    r (m)    potential (V)
         1         -0.048              0
         1        -0.0477              0
         1        -0.0474              0
         1        -0.0471              0
         1        -0.0468              0
         1        -0.0465              0
         1        -0.0462              0
         1        -0.0459              0
         1        -0.0456              0
         1        -0.0453              0
         1         -0.045              0
         1        -0.0447              0
         1        -0.0444              0
         1        -0.0441              0
         1        -0.0438              0
         1        -0.0435              0
         1        -0.0432              0
         1        -0.0429              0
         1        -0.0426              0
         1        -0.0423              0
         1         -0.042              0
         1        -0.0417              0
         1        -0.0414              0
         1        -0.0411              0
         1        -0.0408              0
         1        -0.0405              0
         1        -0.0402              0
         1        -0.0399              0
         1        -0.0396              0
         1        -0.0393              0
         1         -0.039              0
         1        -0.0387              0
         1        -0.0384              0
         1        -0.0381              0
         1        -0.0378              0
         1        -0.0375              0
         1        -0.0372              0
         1        -0.0369              0
         1        -0.0366              0
         1        -0.0363              0
         1         -0.036              0
         1        -0.0357              0
         1        -0.0354              0
         1        -0.0351              0
         1        -0.0348              0
         1        -0.0345              0
         1        -0.0342              0
         1        -0.0339              0
         1        -0.0336              0
         1        -0.0333              0
         1         -0.033              0
         1        -0.0327              0
         1        -0.0324              0
         1        -0.0321              0
         1        -0.0318              0
         1        -0.0315              0
         1        -0.0312              0
         1        -0.0309              0
         1        -0.0306              0
         1        -0.0303              0
         1          -0.03         -39.76
         1        -0.0297       -168.861
         1        -0.0294       -299.246
         1        -0.0291       -431.045
         1        -0.0288       -564.419
         1        -0.0285       -699.552
         1        -0.0282       -836.644
         1        -0.0279       -975.904
         1        -0.0276       -1117.56
         1        -0.0273       -1261.84
         1         -0.027          -1409
         1        -0.0267       -1559.31
         1        -0.0264       -1713.03
         1        -0.0261       -1870.45
         1        -0.0258        -2031.9
         1        -0.0255        -2197.7
         1        -0.0252       -2368.18
         1        -0.0249       -2543.73
         1        -0.0246       -2724.72
         1        -0.0243       -2911.57
         1         -0.024       -3104.72
         1        -0.0237       -3304.64
         1        -0.0234        -3511.8
         1        -0.0231       -3726.74
         1        -0.0228       -3950.01
         1        -0.0225       -4182.19
         1        -0.0222       -4423.89
         1        -0.0219       -4675.77
         1        -0.0216        -4938.5
         1        -0.0213       -5212.81
         1         -0.021       -5499.46
         1        -0.0207       -5799.23
         1        -0.0204       -6112.95
         1        -0.0201        -6441.5
         1        -0.0198       -6785.76
         1        -0.0195       -7146.68
         1        -0.0192       -7525.23
         1        -0.0189       -7922.43
         1        -0.0186       -8339.34
         1        -0.0183       -8777.03
         1         -0.018       -9236.64
         1        -0.0177       -9719.34
         1        -0.0174       -10226.4
         1        -0.0171         -10759
         1        -0.0168       -11318.5
         1        -0.0165       -11906.3
         1        -0.0162       -12523.8
         1        -0.0159       -13172.7
         1        -0.0156       -13854.4
         1        -0.0153       -14570.8
         1         -0.015       -15323.7
         1        -0.0147       -16115.1
         1        -0.0144       -16947.1
         1        -0.0141         -17822
         1        -0.0138       -18742.5
         1        -0.0135       -19711.2
         1        -0.0132       -20731.2
         1        -0.0129       -21805.9
         1        -0.0126         -22939
         1        -0.0123       -24134.6
         1         -0.012       -25397.4
         1        -0.0117       -26732.4
         1        -0.0114       -28145.6
         1        -0.0111       -29643.4
         1        -0.0108       -31233.3
         1        -0.0105       -32923.7
         1        -0.0102       -34724.3
         1        -0.0099       -36646.3
         1        -0.0096       -38702.6
         1        -0.0093       -40908.2
         1         -0.009         -43281
         1        -0.0087       -45841.9
         1        -0.0084       -48616.3
         1        -0.0081       -51634.8
         1        -0.0078       -54935.2
         1        -0.0075       -58564.8
         1        -0.0072       -62583.8
         1        -0.0069       -67070.7
         1        -0.0066       -72130.1
         1        -0.0063       -77903.5
         1         -0.006       -84576.5
         1        -0.0057       -92324.5
         1        -0.0054        -100000
         1        -0.0051        -100000
         1        -0.0048        -100000
         1        -0.0045       -99832.2
         1        -0.0042       -98472.6
         1        -0.0039       -97221.7
         1        -0.0036       -96169.6
         1        -0.0033       -95318.8
         1         -0.003       -94650.6
         1        -0.0027       -94141.6
         1        -0.0024       -93767.5
         1        -0.0021       -93504.6
         1        -0.0018       -93330.7
         1        -0.0015       -93224.7
         1        -0.0012       -93167.6
         1        -0.0009       -93142.5
         1        -0.0006       -93135.2
         1        -0.0003       -93135.3
         1              0       -93136.1
         1         0.0003       -93135.3
         1         0.0006       -93135.2
         1         0.0009       -93142.4
         1         0.0012       -93167.5
         1         0.0015       -93224.5
         1         0.0018       -93330.4
         1         0.0021       -93504.2
         1         0.0024         -93767
         1         0.0027         -94141
         1          0.003       -94649.8
         1         0.0033       -95317.8
         1         0.0036       -96168.5
         1         0.0039       -97220.5
         1         0.0042       -98471.4
         1         0.0045       -99831.1
         1         0.0048        -100000
         1         0.0051        -100000
         1         0.0054        -100000
         1         0.0057         -92337
         1          0.006       -84585.8
         1         0.0063       -77912.7
         1         0.0066       -72139.6
         1         0.0069       -67080.6
         1         0.0072       -62594.1
         1         0.0075       -58575.6
         1         0.0078       -54946.6
         1         0.0081       -51646.9
         1         0.0084       -48629.2
         1         0.0087       -45855.8
         1          0.009       -43295.9
         1         0.0093       -40924.4
         1         0.0096         -38720
         1         0.0099       -36665.1
         1         0.0102       -34744.6
         1         0.0105       -32945.5
         1         0.0108       -31256.8
         1         0.0111       -29668.7
         1         0.0114       -28172.7
         1         0.0117       -26761.4
         1          0.012       -25428.3
         1         0.0123       -24167.6
         1         0.0126         -22974
         1         0.0129       -21842.9
         1         0.0132       -20770.2
         1         0.0135       -19752.2
         1         0.0138       -18785.5
         1         0.0141       -17866.9
         1         0.0144       -16993.8
         1         0.0147       -16163.5
         1          0.015       -15373.8
         1         0.0153       -14622.4
         1         0.0156       -13907.3
         1         0.0159       -13226.7
         1         0.0162       -12578.9
         1         0.0165       -11962.1
         1         0.0168       -11374.9
         1         0.0171       -10815.8
         1         0.0174       -10283.4
         1         0.0177       -9776.31
         1          0.018       -9293.38
         1         0.0183       -8833.34
         1         0.0186       -8395.04
         1         0.0189       -7977.34
         1         0.0192       -7579.18
         1         0.0195       -7199.51
         1         0.0198       -6837.34
         1         0.0201        -6491.7
         1         0.0204       -6161.68
         1         0.0207       -5846.39
         1          0.021       -5544.97
         1         0.0213       -5256.62
         1         0.0216       -4980.55
         1         0.0219       -4716.03
         1         0.0222       -4462.35
         1         0.0225       -4218.84
         1         0.0228       -3984.85
         1         0.0231       -3759.77
         1         0.0234       -3543.04
         1         0.0237       -3334.11
         1          0.024       -3132.46
         1         0.0243        -2937.6
         1         0.0246       -2749.08
         1         0.0249       -2566.45
         1         0.0252       -2389.31
         1         0.0255       -2217.27
         1         0.0258       -2049.96
         1         0.0261       -1887.04
         1         0.0264       -1728.18
         1         0.0267       -1573.06
         1          0.027        -1421.4
         1         0.0273       -1272.91
         1         0.0276       -1127.34
         1         0.0279       -984.421
         1         0.0282       -843.927
         1         0.0285       -705.628
         1         0.0288       -569.311
         1         0.0291       -434.773
         1         0.0294        -301.83
         1         0.0297       -170.317
         1           0.03       -40.1027
         1         0.0303              0
         1         0.0306              0
         1         0.0309              0
         1         0.0312              0
         1         0.0315              0
         1         0.0318              0
         1         0.0321              0
         1         0.0324              0
         1         0.0327              0
         1          0.033              0
         1         0.0333              0
         1         0.0336              0
         1         0.0339              0
         1         0.0342              0
         1         0.0345              0
         1         0.0348              0
         1         0.0351              0
         1         0.0354              0
         1         0.0357              0
         1          0.036              0
         1         0.0363              0
         1         0.0366              0
         1         0.0369              0
         1         0.0372              0
         1         0.0375              0
         1         0.0378              0
         1         0.0381              0
         1         0.0384              0
         1         0.0387              0
         1          0.039              0
         1         0.0393              0
         1         0.0396              0
         1         0.0399              0
         1         0.0402              0
         1         0.0405              0
         1         0.0408              0
         1         0.0411              0
         1         0.0414              0
         1         0.0417              0
         1          0.042              0
         1         0.0423              0
         1         0.0426              0
         1         0.0429              0
         1         0.0432              0
         1         0.0435              0
         1         0.0438              0
         1         0.0441              0
         1         0.0444              0
         1         0.0447              0
         1          0.045              0
         1         0.0453              0
         1         0.0456              0
         1         0.0459              0
         1         0.0462              0
         1         0.0465              0
         1         0.0468              0
         1         0.0471              0
         1         0.0474              0
         1         0.0477              0
         2         -0.048              0
         2        -0.0477              0
         2        -0.0474              0
         2        -0.0471              0
         2        -0.0468              0
         2        -0.0465              0
         2        -0.0462              0
         2        -0.0459              0
         2        -0.0456              0
         2        -0.0453              0
         2         -0.045              0
         2        -0.0447              0
         2        -0.0444              0
         2        -0.0441              0
         2        -0.0438              0
         2        -0.0435              0
         2        -0.0432              0
         2        -0.0429              0
         2        -0.0426              0
         2        -0.0423              0
         2         -0.042              0
         2        -0.0417              0
         2        -0.0414              0
         2        -0.0411              0
         2        -0.0408              0
         2        -0.0405              0
         2        -0.0402              0
         2        -0.0399              0
         2        -0.0396              0
         2        -0.0393              0
         2         -0.039              0
         2        -0.0387              0
         2        -0.0384              0
         2        -0.0381              0
         2        -0.0378              0
         2        -0.0375              0
         2        -0.0372              0
         2        -0.0369              0
         2        -0.0366              0
         2        -0.0363              0
         2         -0.036              0
         2        -0.0357              0
         2        -0.0354              0
         2        -0.0351              0
         2        -0.0348              0
         2        -0.0345              0
         2        -0.0342              0
         2        -0.0339              0
         2        -0.0336              0
         2        -0.0333              0
         2         -0.033              0
         2        -0.0327              0
         2        -0.0324              0
         2        -0.0321              0
         2        -0.0318              0
         2        -0.0315              0
         2        -0.0312              0
         2        -0.0309              0
         2        -0.0306              0
         2        -0.0303              0
         2          -0.03       -39.7541
         2        -0.0297       -168.836
         2        -0.0294         -299.2
         2        -0.0291       -430.976
         2        -0.0288       -564.325
         2        -0.0285       -699.429
         2        -0.0282       -836.485
         2        -0.0279       -975.705
         2        -0.0276       -1117.31
         2        -0.0273       -1261.54
         2         -0.027       -1408.64
         2        -0.0267       -1558.86
         2        -0.0264        -1712.5
         2        -0.0261       -1869.83
         2        -0.0258       -2031.17
         2        -0.0255       -2196.84
         2        -0.0252       -2367.19
         2        -0.0249       -2542.59
         2        -0.0246       -2723.42
         2        -0.0243       -2910.11
         2         -0.024       -3103.08
         2        -0.0237       -3302.81
         2        -0.0234       -3509.78
         2        -0.0231       -3724.51
         2        -0.0228       -3947.57
         2        -0.0225       -4179.52
         2        -0.0222          -4421
         2        -0.0219       -4672.64
         2        -0.0216       -4935.14
         2        -0.0213       -5209.22
         2         -0.021       -5495.62
         2        -0.0207       -5795.15
         2        -0.0204       -6108.64
         2        -0.0201       -6436.94
         2        -0.0198       -6780.97
         2        -0.0195       -7141.67
         2        -0.0192       -7520.01
         2        -0.0189       -7917.01
         2        -0.0186       -8333.73
         2        -0.0183       -8771.24
         2         -0.018       -9230.68
         2        -0.0177       -9713.23
         2        -0.0174       -10220.1
         2        -0.0171       -10752.6
         2        -0.0168         -11312
         2        -0.0165       -11899.7
         2        -0.0162       -12517.1
         2        -0.0159       -13165.9
         2        -0.0156       -13847.6
         2        -0.0153       -14563.9
         2         -0.015       -15316.8
         2        -0.0147       -16108.1
         2        -0.0144       -16940.1
         2        -0.0141       -17815.1
         2        -0.0138       -18735.5
         2        -0.0135       -19704.3
         2        -0.0132       -20724.3
         2        -0.0129       -21799.1
         2        -0.0126       -22932.2
         2        -0.0123       -24127.8
         2         -0.012       -25390.6
         2        -0.0117       -26725.8
         2        -0.0114         -28139
         2        -0.0111       -29636.8
         2        -0.0108       -31226.8
         2        -0.0105       -32917.3
         2        -0.0102         -34718
         2        -0.0099       -36640.1
         2        -0.0096       -38696.4
         2        -0.0093       -40902.2
         2         -0.009         -43275
         2        -0.0087       -45836.1
         2        -0.0084       -48610.6
         2        -0.0081       -51629.3
         2        -0.0078         -54930
         2        -0.0075       -58559.8
         2        -0.0072       -62579.2
         2        -0.0069       -67066.5
         2        -0.0066       -72126.5
         2        -0.0063       -77900.5
         2         -0.006       -84574.4
         2        -0.0057       -92323.5
         2        -0.0054        -100000
         2        -0.0051        -100000
         2        -0.0048        -100000
         2        -0.0045       -99832.1
         2        -0.0042       -98471.9
         2        -0.0039       -97220.4
         2        -0.0036       -96167.8
         2        -0.0033       -95316.4
         2         -0.003       -94647.8
         2        -0.0027       -94138.4
         2        -0.0024       -93763.8
         2        -0.0021       -93500.6
         2        -0.0018       -93326.3
         2        -0.0015         -93220
         2        -0.0012       -93162.6
         2        -0.0009       -93137.1
         2        -0.0006       -93129.7
         2        -0.0003       -93129.6
         2              0       -93130.4
         2         0.0003       -93129.6
         2         0.0006       -93129.6
         2         0.0009       -93137.1
         2         0.0012       -93162.4
         2         0.0015       -93219.8
         2         0.0018         -93326
         2         0.0021       -93500.2
         2         0.0024       -93763.3
         2         0.0027       -94137.7
         2          0.003         -94647
         2         0.0033       -95315.5
         2         0.0036       -96166.7
         2         0.0039       -97219.2
         2         0.0042       -98470.7
         2         0.0045       -99831.1
         2         0.0048        -100000
         2         0.0051        -100000
         2         0.0054        -100000
         2         0.0057         -92336
         2          0.006       -84583.8
         2         0.0063       -77909.9
         2         0.0066       -72136.1
         2         0.0069       -67076.6
         2         0.0072       -62589.7
         2         0.0075       -58570.8
         2         0.0078       -54941.6
         2         0.0081       -51641.7
         2         0.0084       -48623.8
         2         0.0087       -45850.2
         2          0.009       -43290.2
         2         0.0093       -40918.5
         2         0.0096         -38714
         2         0.0099         -36659
         2         0.0102       -34738.4
         2         0.0105       -32939.3
         2         0.0108       -31250.4
         2         0.0111       -29662.2
         2         0.0114       -28166.2
         2         0.0117       -26754.8
         2          0.012       -25421.6
         2         0.0123       -24160.8
         2         0.0126       -22967.2
         2         0.0129         -21836
         2         0.0132       -20763.3
         2         0.0135       -19745.3
         2         0.0138       -18778.5
         2         0.0141       -17859.9
         2         0.0144       -16986.8
         2         0.0147       -16156.6
         2          0.015       -15366.8
         2         0.0153       -14615.4
         2         0.0156       -13900.4
         2         0.0159       -13219.9
         2         0.0162       -12572.1
         2         0.0165       -11955.5
         2         0.0168       -11368.4
         2         0.0171       -10809.4
         2         0.0174       -10277.1
         2         0.0177       -9770.19
         2          0.018       -9287.42
         2         0.0183       -8827.55
         2         0.0186       -8389.43
         2         0.0189       -7971.92
         2         0.0192       -7573.96
         2         0.0195        -7194.5
         2         0.0198       -6832.55
         2         0.0201       -6487.15
         2         0.0204       -6157.37
         2         0.0207       -5842.31
         2          0.021       -5541.13
         2         0.0213       -5253.02
         2         0.0216       -4977.19
         2         0.0219       -4712.91
         2         0.0222       -4459.45
         2         0.0225       -4216.16
         2         0.0228       -3982.39
         2         0.0231       -3757.53
         2         0.0234          -3541
         2         0.0237       -3332.27
         2          0.024        -3130.8
         2         0.0243       -2936.12
         2         0.0246       -2747.76
         2         0.0249       -2565.29
         2         0.0252        -2388.3
         2         0.0255       -2216.39
         2         0.0258       -2049.21
         2         0.0261        -1886.4
         2         0.0264       -1727.63
         2         0.0267        -1572.6
         2          0.027       -1421.01
         2         0.0273       -1272.59
         2         0.0276       -1127.08
         2         0.0279       -984.209
         2         0.0282       -843.758
         2         0.0285       -705.496
         2         0.0288        -569.21
         2         0.0291         -434.7
         2         0.0294       -301.781
         2         0.0297        -170.29
         2           0.03       -40.0964
         2         0.0303              0
         2         0.0306              0
         2         0.0309              0
         2         0.0312              0
         2         0.0315              0
         2         0.0318              0
         2         0.0321              0
         2         0.0324              0
         2         0.0327              0
         2          0.033              0
         2         0.0333              0
         2         0.0336              0
         2         0.0339              0
         2         0.0342              0
         2         0.0345              0
         2         0.0348              0
         2         0.0351              0
         2         0.0354              0
         2         0.0357              0
         2          0.036              0
         2         0.0363              0
         2         0.0366              0
         2         0.0369              0
         2         0.0372              0
         2         0.0375              0
         2         0.0378              0
         2         0.0381              0
         2         0.0384              0
         2         0.0387              0
         2          0.039              0
         2         0.0393              0
         2         0.0396              0
         2         0.0399              0
         2         0.0402              0
         2         0.0405              0
         2         0.0408              0
         2         0.0411              0
         2         0.0414              0
         2         0.0417              0
         2          0.042              0
         2         0.0423              0
         2         0.0426              0
         2         0.0429              0
         2         0.0432              0
         2         0.0435              0
         2         0.0438              0
         2         0.0441              0
         2         0.0444              0
         2         0.0447              0
         2          0.045              0
         2         0.0453              0
         2         0.0456              0
         2         0.0459              0
         2         0.0462              0
         2         0.0465              0
         2         0.0468              0
         2         0.0471              0
         2         0.0474              0
         2         0.0477              0
         3         -0.048              0
         3        -0.0477              0
         3        -0.0474              0
         3        -0.0471              0
         3        -0.0468              0
         3        -0.0465              0
         3        -0.0462              0
         3        -0.0459              0
         3        -0.0456              0
         3        -0.0453              0
         3         -0.045              0
         3        -0.0447              0
         3        -0.0444              0
         3        -0.0441              0
         3        -0.0438              0
         3        -0.0435              0
         3        -0.0432              0
         3        -0.0429              0
         3        -0.0426              0
         3        -0.0423              0
         3         -0.042              0
         3        -0.0417              0
         3        -0.0414              0
         3        -0.0411              0
         3        -0.0408              0
         3        -0.0405              0
         3        -0.0402              0
         3        -0.0399              0
         3        -0.0396              0
         3        -0.0393              0
         3         -0.039              0
         3        -0.0387              0
         3        -0.0384              0
         3        -0.0381              0
         3        -0.0378              0
         3        -0.0375              0
         3        -0.0372              0
         3        -0.0369              0
         3        -0.0366              0
         3        -0.0363              0
         3         -0.036              0
         3        -0.0357              0
         3        -0.0354              0
         3        -0.0351              0
         3        -0.0348              0
         3        -0.0345              0
         3        -0.0342              0
         3        -0.0339              0
         3        -0.0336              0
         3        -0.0333              0
         3         -0.033              0
         3        -0.0327              0
         3        -0.0324              0
         3        -0.0321              0
         3        -0.0318              0
         3        -0.0315              0
         3        -0.0312              0
         3        -0.0309              0
         3        -0.0306              0
         3        -0.0303              0
         3          -0.03       -39.7541
         3        -0.0297       -168.836
         3        -0.0294         -299.2
         3        -0.0291       -430.976
         3        -0.0288       -564.325
         3        -0.0285       -699.429
         3        -0.0282       -836.485
         3        -0.0279       -975.705
         3        -0.0276       -1117.31
         3        -0.0273       -1261.54
         3         -0.027       -1408.64
         3        -0.0267       -1558.86
         3        -0.0264        -1712.5
         3        -0.0261       -1869.83
         3        -0.0258       -2031.17
         3        -0.0255       -2196.84
         3        -0.0252       -2367.19
         3        -0.0249       -2542.59
         3        -0.0246       -2723.42
         3        -0.0243       -2910.11
         3         -0.024       -3103.08
         3        -0.0237       -3302.81
         3        -0.0234       -3509.78
         3        -0.0231       -3724.51
         3        -0.0228       -3947.57
         3        -0.0225       -4179.52
         3        -0.0222          -4421
         3        -0.0219       -4672.64
         3        -0.0216       -4935.14
         3        -0.0213       -5209.22
         3         -0.021       -5495.62
         3        -0.0207       -5795.15
         3        -0.0204       -6108.64
         3        -0.0201       -6436.94
         3        -0.0198       -6780.97
         3        -0.0195       -7141.67
         3        -0.0192       -7520.01
         3        -0.0189       -7917.01
         3        -0.0186       -8333.73
         3        -0.0183       -8771.24
         3         -0.018       -9230.68
         3        -0.0177       -9713.23
         3        -0.0174       -10220.1
         3        -0.0171       -10752.6
         3        -0.0168         -11312
         3        -0.0165       -11899.7
         3        -0.0162       -12517.1
         3        -0.0159       -13165.9
         3        -0.0156       -13847.6
         3        -0.0153       -14563.9
         3         -0.015       -15316.8
         3        -0.0147       -16108.1
         3        -0.0144       -16940.1
         3        -0.0141       -17815.1
         3        -0.0138       -18735.5
         3        -0.0135       -19704.3
         3        -0.0132       -20724.3
         3        -0.0129       -21799.1
         3        -0.0126       -22932.2
         3        -0.0123       -24127.8
         3         -0.012       -25390.6
         3        -0.0117       -26725.8
         3        -0.0114         -28139
         3        -0.0111       -29636.8
         3        -0.0108       -31226.8
         3        -0.0105       -32917.3
         3        -0.0102         -34718
         3        -0.0099       -36640.1
         3        -0.0096       -38696.4
         3        -0.0093       -40902.2
         3         -0.009         -43275
         3        -0.0087       -45836.1
         3        -0.0084       -48610.6
         3        -0.0081       -51629.3
         3        -0.0078         -54930
         3        -0.0075       -58559.8
         3        -0.0072       -62579.2
         3        -0.0069       -67066.5
         3        -0.0066       -72126.5
         3        -0.0063       -77900.5
         3         -0.006       -84574.4
         3        -0.0057       -92323.5
         3        -0.0054        -100000
         3        -0.0051        -100000
         3        -0.0048        -100000
         3        -0.0045       -99832.1
         3        -0.0042       -98471.9
         3        -0.0039       -97220.4
         3        -0.0036       -96167.8
         3        -0.0033       -95316.4
         3         -0.003       -94647.8
         3        -0.0027       -94138.4
         3        -0.0024       -93763.8
         3        -0.0021       -93500.6
         3        -0.0018       -93326.3
         3        -0.0015         -93220
         3        -0.0012       -93162.6
         3        -0.0009       -93137.1
         3        -0.0006       -93129.7
         3        -0.0003       -93129.6
         3              0       -93130.4
         3         0.0003       -93129.6
         3         0.0006       -93129.6
         3         0.0009       -93137.1
         3         0.0012       -93162.4
         3         0.0015       -93219.8
         3         0.0018         -93326
         3         0.0021       -93500.2
         3         0.0024       -93763.3
         3         0.0027       -94137.7
         3          0.003         -94647
         3         0.0033       -95315.5
         3         0.0036       -96166.7
         3         0.0039       -97219.2
         3         0.0042       -98470.7
         3         0.0045       -99831.1
         3         0.0048        -100000
         3         0.0051        -100000
         3         0.0054        -100000
         3         0.0057         -92336
         3          0.006       -84583.8
         3         0.0063       -77909.9
         3         0.0066       -72136.1
         3         0.0069       -67076.6
         3         0.0072       -62589.7
         3         0.0075       -58570.8
         3         0.0078       -54941.6
         3         0.0081       -51641.7
         3         0.0084       -48623.8
         3         0.0087       -45850.2
         3          0.009       -43290.2
         3         0.0093       -40918.5
         3         0.0096         -38714
         3         0.0099         -36659
         3         0.0102       -34738.4
         3         0.0105       -32939.3
         3         0.0108       -31250.4
         3         0.0111       -29662.2
         3         0.0114       -28166.2
         3         0.0117       -26754.8
         3          0.012       -25421.6
         3         0.0123       -24160.8
         3         0.0126       -22967.2
         3         0.0129         -21836
         3         0.0132       -20763.3
         3         0.0135       -19745.3
         3         0.0138       -18778.5
         3         0.0141       -17859.9
         3         0.0144       -16986.8
         3         0.0147       -16156.6
         3          0.015       -15366.8
         3         0.0153       -14615.4
         3         0.0156       -13900.4
         3         0.0159       -13219.9
         3         0.0162       -12572.1
         3         0.0165       -11955.5
         3         0.0168       -11368.4
         3         0.0171       -10809.4
         3         0.0174       -10277.1
         3         0.0177       -9770.19
         3          0.018       -9287.42
         3         0.0183       -8827.55
         3         0.0186       -8389.43
         3         0.0189       -7971.92
         3         0.0192       -7573.96
         3         0.0195        -7194.5
         3         0.0198       -6832.55
         3         0.0201       -6487.15
         3         0.0204       -6157.37
         3         0.0207       -5842.31
         3          0.021       -5541.13
         3         0.0213       -5253.02
         3         0.0216       -4977.19
         3         0.0219       -4712.91
         3         0.0222       -4459.45
         3         0.0225       -4216.16
         3         0.0228       -3982.39
         3         0.0231       -3757.53
         3         0.0234          -3541
         3         0.0237       -3332.27
         3          0.024        -3130.8
         3         0.0243       -2936.12
         3         0.0246       -2747.76
         3         0.0249       -2565.29
         3         0.0252        -2388.3
         3         0.0255       -2216.39
         3         0.0258       -2049.21
         3         0.0261        -1886.4
         3         0.0264       -1727.63
         3         0.0267        -1572.6
         3          0.027       -1421.01
         3         0.0273       -1272.59
         3         0.0276       -1127.08
         3         0.0279       -984.209
         3         0.0282       -843.758
         3         0.0285       -705.496
         3         0.0288        -569.21
         3         0.0291         -434.7
         3         0.0294       -301.781
         3         0.0297        -170.29
         3           0.03       -40.0964
         3         0.0303              0
         3         0.0306              0
         3         0.0309              0
         3         0.0312              0
         3         0.0315              0
         3         0.0318              0
         3         0.0321              0
         3         0.0324              0
         3         0.0327              0
         3          0.033              0
         3         0.0333              0
         3         0.0336              0
         3         0.0339              0
         3         0.0342              0
         3         0.0345              0
         3         0.0348              0
         3         0.0351              0
         3         0.0354              0
         3         0.0357              0
         3          0.036              0
         3         0.0363              0
         3         0.0366              0
         3         0.0369              0
         3         0.0372              0
         3         0.0375              0
         3         0.0378              0
         3         0.0381              0
         3         0.0384              0
         3         0.0387              0
         3          0.039              0
         3         0.0393              0
         3         0.0396              0
         3         0.0399              0
         3         0.0402              0
         3         0.0405              0
         3         0.0408              0
         3         0.0411              0
         3         0.0414              0
         3         0.0417              0
         3          0.042              0
         3         0.0423              0
         3         0.0426              0
         3         0.0429              0
         3         0.0432              0
         3         0.0435              0
         3         0.0438              0
         3         0.0441              0
         3         0.0444              0
         3         0.0447              0
         3          0.045              0
         3         0.0453              0
         3         0.0456              0
         3         0.0459              0
         3         0.0462              0
         3         0.0465              0
         3         0.0468              0
         3         0.0471              0
         3         0.0474              0
         3         0.0477              0
         4         -0.048              0
         4        -0.0477              0
         4        -0.0474              0
         4        -0.0471              0
         4        -0.0468              0
         4        -0.0465              0
         4        -0.0462              0
         4        -0.0459              0
         4        -0.0456              0
         4        -0.0453              0
         4         -0.045              0
         4        -0.0447              0
         4        -0.0444              0
         4        -0.0441              0
         4        -0.0438              0
         4        -0.0435              0
         4        -0.0432              0
         4        -0.0429              0
         4        -0.0426              0
         4        -0.0423              0
         4         -0.042              0
         4        -0.0417              0
         4        -0.0414              0
         4        -0.0411              0
         4        -0.0408              0
         4        -0.0405              0
         4        -0.0402              0
         4        -0.0399              0
         4        -0.0396              0
         4        -0.0393              0
         4         -0.039              0
         4        -0.0387              0
         4        -0.0384              0
         4        -0.0381              0
         4        -0.0378              0
         4        -0.0375              0
         4        -0.0372              0
         4        -0.0369              0
         4        -0.0366              0
         4        -0.0363              0
         4         -0.036              0
         4        -0.0357              0
         4        -0.0354              0
         4        -0.0351              0
         4        -0.0348              0
         4        -0.0345              0
         4        -0.0342              0
         4        -0.0339              0
         4        -0.0336              0
         4        -0.0333              0
         4         -0.033              0
         4        -0.0327              0
         4        -0.0324              0
         4        -0.0321              0
         4        -0.0318              0
         4        -0.0315              0
         4        -0.0312              0
         4        -0.0309              0
         4        -0.0306              0
         4        -0.0303              0
         4          -0.03       -39.7541
         4        -0.0297       -168.836
         4        -0.0294         -299.2
         4        -0.0291       -430.976
         4        -0.0288       -564.325
         4        -0.0285       -699.429
         4        -0.0282       -836.485
         4        -0.0279       -975.705
         4        -0.0276       -1117.31
         4        -0.0273       -1261.54
         4         -0.027       -1408.64
         4        -0.0267       -1558.86
         4        -0.0264        -1712.5
         4        -0.0261       -1869.83
         4        -0.0258       -2031.17
         4        -0.0255       -2196.84
         4        -0.0252       -2367.19
         4        -0.0249       -2542.59
         4        -0.0246       -2723.42
         4        -0.0243       -2910.11
         4         -0.024       -3103.08
         4        -0.0237       -3302.81
         4        -0.0234       -3509.78
         4        -0.0231       -3724.51
         4        -0.0228       -3947.57
         4        -0.0225       -4179.52
         4        -0.0222          -4421
         4        -0.0219       -4672.64
         4        -0.0216       -4935.14
         4        -0.0213       -5209.22
         4         -0.021       -5495.62
         4        -0.0207       -5795.15
         4        -0.0204       -6108.64
         4        -0.0201       -6436.94
         4        -0.0198       -6780.97
         4        -0.0195       -7141.67
         4        -0.0192       -7520.01
         4        -0.0189       -7917.01
         4        -0.0186       -8333.73
         4        -0.0183       -8771.24
         4         -0.018       -9230.68
         4        -0.0177       -9713.23
         4        -0.0174       -10220.1
         4        -0.0171       -10752.6
         4        -0.0168         -11312
         4        -0.0165       -11899.7
         4        -0.0162       -12517.1
         4        -0.0159       -13165.9
         4        -0.0156       -13847.6
         4        -0.0153       -14563.9
         4         -0.015       -15316.8
         4        -0.0147       -16108.1
         4        -0.0144       -16940.1
         4        -0.0141       -17815.1
         4        -0.0138       -18735.5
         4        -0.0135       -19704.3
         4        -0.0132       -20724.3
         4        -0.0129       -21799.1
         4        -0.0126       -22932.2
         4        -0.0123       -24127.8
         4         -0.012       -25390.6
         4        -0.0117       -26725.8
         4        -0.0114         -28139
         4        -0.0111       -29636.8
         4        -0.0108       -31226.8
         4        -0.0105       -32917.3
         4        -0.0102         -34718
         4        -0.0099       -36640.1
         4        -0.0096       -38696.4
         4        -0.0093       -40902.2
         4         -0.009         -43275
         4        -0.0087       -45836.1
         4        -0.0084       -48610.6
         4        -0.0081       -51629.3
         4        -0.0078         -54930
         4        -0.0075       -58559.8
         4        -0.0072       -62579.2
         4        -0.0069       -67066.5
         4        -0.0066       -72126.5
         4        -0.0063       -77900.5
         4         -0.006       -84574.4
         4        -0.0057       -92323.5
         4        -0.0054        -100000
         4        -0.0051        -100000
         4        -0.0048        -100000
         4        -0.0045       -99832.1
         4        -0.0042       -98471.9
         4        -0.0039       -97220.4
         4        -0.0036       -96167.8
         4        -0.0033       -95316.4
         4         -0.003       -94647.8
         4        -0.0027       -94138.4
         4        -0.0024       -93763.8
         4        -0.0021       -93500.6
         4        -0.0018       -93326.3
         4        -0.0015         -93220
         4        -0.0012       -93162.6
         4        -0.0009       -93137.1
         4        -0.0006       -93129.7
         4        -0.0003       -93129.6
         4              0       -93130.4
         4         0.0003       -93129.6
         4         0.0006       -93129.6
         4         0.0009       -93137.1
         4         0.0012       -93162.4
         4         0.0015       -93219.8
         4         0.0018         -93326
         4         0.0021       -93500.2
         4         0.0024       -93763.3
         4         0.0027       -94137.7
         4          0.003         -94647
         4         0.0033       -95315.5
         4         0.0036       -96166.7
         4         0.0039       -97219.2
         4         0.0042       -98470.7
         4         0.0045       -99831.1
         4         0.0048        -100000
         4         0.0051        -100000
         4         0.0054        -100000
         4         0.0057         -92336
         4          0.006       -84583.8
         4         0.0063       -77909.9
         4         0.0066       -72136.1
         4         0.0069       -67076.6
         4         0.0072       -62589.7
         4         0.0075       -58570.8
         4         0.0078       -54941.6
         4         0.0081       -51641.7
         4         0.0084       -48623.8
         4         0.0087       -45850.2
         4          0.009       -43290.2
         4         0.0093       -40918.5
         4         0.0096         -38714
         4         0.0099         -36659
         4         0.0102       -34738.4
         4         0.0105       -32939.3
         4         0.0108       -31250.4
         4         0.0111       -29662.2
         4         0.0114       -28166.2
         4         0.0117       -26754.8
         4          0.012       -25421.6
         4         0.0123       -24160.8
         4         0.0126       -22967.2
         4         0.0129         -21836
         4         0.0132       -20763.3
         4         0.0135       -19745.3
         4         0.0138       -18778.5
         4         0.0141       -17859.9
         4         0.0144       -16986.8
         4         0.0147       -16156.6
         4          0.015       -15366.8
         4         0.0153       -14615.4
         4         0.0156       -13900.4
         4         0.0159       -13219.9
         4         0.0162       -12572.1
         4         0.0165       -11955.5
         4         0.0168       -11368.4
         4         0.0171       -10809.4
         4         0.0174       -10277.1
         4         0.0177       -9770.19
         4          0.018       -9287.42
         4         0.0183       -8827.55
         4         0.0186       -8389.43
         4         0.0189       -7971.92
         4         0.0192       -7573.96
         4         0.0195        -7194.5
         4         0.0198       -6832.55
         4         0.0201       -6487.15
         4         0.0204       -6157.37
         4         0.0207       -5842.31
         4          0.021       -5541.13
         4         0.0213       -5253.02
         4         0.0216       -4977.19
         4         0.0219       -4712.91
         4         0.0222       -4459.45
         4         0.0225       -4216.16
         4         0.0228       -3982.39
         4         0.0231       -3757.53
         4         0.0234          -3541
         4         0.0237       -3332.27
         4          0.024        -3130.8
         4         0.0243       -2936.12
         4         0.0246       -2747.76
         4         0.0249       -2565.29
         4         0.0252        -2388.3
         4         0.0255       -2216.39
         4         0.0258       -2049.21
         4         0.0261        -1886.4
         4         0.0264       -1727.63
         4         0.0267        -1572.6
         4          0.027       -1421.01
         4         0.0273       -1272.59
         4         0.0276       -1127.08
         4         0.0279       -984.209
         4         0.0282       -843.758
         4         0.0285       -705.496
         4         0.0288        -569.21
         4         0.0291         -434.7
         4         0.0294       -301.781
         4         0.0297        -170.29
         4           0.03       -40.0964
         4         0.0303              0
         4         0.0306              0
         4         0.0309              0
         4         0.0312              0
         4         0.0315              0
         4         0.0318              0
         4         0.0321              0
         4         0.0324              0
         4         0.0327              0
         4          0.033              0
         4         0.0333              0
         4         0.0336              0
         4         0.0339              0
         4         0.0342              0
         4         0.0345              0
         4         0.0348              0
         4         0.0351              0
         4         0.0354              0
         4         0.0357              0
         4          0.036              0
         4         0.0363              0
         4         0.0366              0
         4         0.0369              0
         4         0.0372              0
         4         0.0375              0
         4         0.0378              0
         4         0.0381              0
         4         0.0384              0
         4         0.0387              0
         4          0.039              0
         4         0.0393              0
         4         0.0396              0
         4         0.0399              0
         4         0.0402              0
         4         0.0405              0
         4         0.0408              0
         4         0.0411              0
         4         0.0414              0
         4         0.0417              0
         4          0.042              0
         4         0.0423              0
         4         0.0426              0
         4         0.0429              0
         4         0.0432              0
         4         0.0435              0
         4         0.0438              0
         4         0.0441              0
         4         0.0444              0
         4         0.0447              0
         4          0.045              0
         4         0.0453              0
         4         0.0456              0
         4         0.0459              0
         4         0.0462              0
         4         0.0465              0
         4         0.0468              0
         4         0.0471              0
         4         0.0474              0
         4         0.0477              0
