# iteration    r (m)    potential (V)
         1         -0.048              0
         1        -0.0477              0
         1        -0.0474              0
         1        -0.0471              0
         1        -0.0468              0
         1        -0.0465              0
         1        -0.0462              0
         1        -0.0459              0
         1        -0.0456              0
         1        -0.0453              0
         1         -0.045              0
         1        -0.0447              0
         1        -0.0444              0
         1        -0.0441              0
         1        -0.0438              0
         1        -0.0435              0
         1        -0.0432              0
         1        -0.0429              0
         1        -0.0426              0
         1        -0.0423              0
         1         -0.042              0
         1        -0.0417              0
         1        -0.0414              0
         1        -0.0411              0
         1        -0.0408              0
         1        -0.0405              0
         1        -0.0402              0
         1        -0.0399              0
         1        -0.0396              0
         1        -0.0393              0
         1         -0.039              0
         1        -0.0387              0
         1        -0.0384              0
         1        -0.0381              0
         1        -0.0378              0
         1        -0.0375              0
         1        -0.0372              0
         1        -0.0369              0
         1        -0.0366              0
         1        -0.0363              0
         1         -0.036              0
         1        -0.0357              0
         1        -0.0354              0
         1        -0.0351              0
         1        -0.0348              0
         1        -0.0345              0
         1        -0.0342              0
         1        -0.0339              0
         1        -0.0336              0
         1        -0.0333              0
         1         -0.033              0
         1        -0.0327              0
         1        -0.0324              0
         1        -0.0321              0
         1        -0.0318              0
         1        -0.0315              0
         1        -0.0312              0
         1        -0.0309              0
         1        -0.0306              0
         1        -0.0303              0
         1          -0.03       -3.97557
         1        -0.0297       -16.8843
         1        -0.0294       -29.9213
         1        -0.0291       -43.0996
         1        -0.0288       -56.4353
         1        -0.0285       -69.9469
         1        -0.0282       -83.6541
         1        -0.0279       -97.5782
         1        -0.0276       -111.742
         1        -0.0273       -126.168
         1         -0.027       -140.883
         1        -0.0267       -155.912
         1        -0.0264       -171.282
         1        -0.0261       -187.024
         1        -0.0258       -203.167
         1        -0.0255       -219.744
         1        -0.0252       -236.791
         1        -0.0249       -254.343
         1        -0.0246       -272.439
         1        -0.0243       -291.121
         1         -0.024       -310.433
         1        -0.0237       -330.422
         1        -0.0234       -351.136
         1        -0.0231       -372.628
         1        -0.0228       -394.953
         1        -0.0225        -418.17
         1        -0.0222       -442.339
         1        -0.0219       -467.526
         1        -0.0216       -493.799
         1        -0.0213        -521.23
         1         -0.021       -549.894
         1        -0.0207        -579.87
         1        -0.0204       -611.241
         1        -0.0201       -644.093
         1        -0.0198       -678.518
         1        -0.0195       -714.609
         1        -0.0192       -752.463
         1        -0.0189       -792.183
         1        -0.0186       -833.873
         1        -0.0183       -877.643
         1         -0.018       -923.605
         1        -0.0177       -971.877
         1        -0.0174       -1022.58
         1        -0.0171       -1075.84
         1        -0.0168        -1131.8
         1        -0.0165       -1190.58
         1        -0.0162       -1252.34
         1        -0.0159       -1317.22
         1        -0.0156        -1385.4
         1        -0.0153       -1457.04
         1         -0.015       -1532.33
         1        -0.0147       -1611.46
         1        -0.0144       -1694.66
         1        -0.0141       -1782.16
         1        -0.0138       -1874.21
         1        -0.0135       -1971.08
         1        -0.0132       -2073.09
         1        -0.0129       -2180.56
         1        -0.0126       -2293.87
         1        -0.0123       -2413.43
         1         -0.012       -2539.71
         1        -0.0117       -2673.21
         1        -0.0114       -2814.53
         1        -0.0111       -2964.31
         1        -0.0108        -3123.3
         1        -0.0105       -3292.34
         1        -0.0102       -3472.41
         1        -0.0099       -3664.61
         1        -0.0096       -3870.23
         1        -0.0093        -4090.8
         1         -0.009       -4328.07
         1        -0.0087       -4584.17
         1        -0.0084       -4861.61
         1        -0.0081       -5163.46
         1        -0.0078        -5493.5
         1        -0.0075       -5856.46
         1        -0.0072       -6258.36
         1        -0.0069       -6707.05
         1        -0.0066       -7212.99
         1        -0.0063       -7790.34
         1         -0.006       -8457.64
         1        -0.0057       -9232.45
         1        -0.0054         -10000
         1        -0.0051         -10000
         1        -0.0048         -10000
         1        -0.0045       -9983.22
         1        -0.0042       -9847.25
         1        -0.0039       -9722.17
         1        -0.0036       -9616.96
         1        -0.0033       -9531.88
         1         -0.003       -9465.06
         1        -0.0027       -9414.16
         1        -0.0024       -9376.74
         1        -0.0021       -9350.46
         1        -0.0018       -9333.07
         1        -0.0015       -9322.47
         1        -0.0012       -9316.76
         1        -0.0009       -9314.24
         1        -0.0006       -9313.52
         1        -0.0003       -9313.53
         1              0        -9313.6
         1         0.0003       -9313.52
         1         0.0006       -9313.52
         1         0.0009       -9314.24
         1         0.0012       -9316.75
         1         0.0015       -9322.45
         1         0.0018       -9333.04
         1         0.0021       -9350.42
         1         0.0024       -9376.69
         1         0.0027        -9414.1
         1          0.003       -9464.98
         1         0.0033       -9531.78
         1         0.0036       -9616.85
         1         0.0039       -9722.05
         1         0.0042       -9847.14
         1         0.0045       -9983.11
         1         0.0048         -10000
         1         0.0051         -10000
         1         0.0054         -10000
         1         0.0057        -9233.7
         1          0.006       -8458.58
         1         0.0063       -7791.26
         1         0.0066       -7213.95
         1         0.0069       -6708.05
         1         0.0072       -6259.39
         1         0.0075       -5857.54
         1         0.0078       -5494.64
         1         0.0081       -5164.67
         1         0.0084        -4862.9
         1         0.0087       -4585.56
         1          0.009       -4329.57
         1         0.0093       -4092.41
         1         0.0096       -3871.97
         1         0.0099       -3666.48
         1         0.0102       -3474.43
         1         0.0105       -3294.53
         1         0.0108       -3125.65
         1         0.0111       -2966.84
         1         0.0114       -2817.24
         1         0.0117       -2676.11
         1          0.012        -2542.8
         1         0.0123       -2416.72
         1         0.0126       -2297.36
         1         0.0129       -2184.25
         1         0.0132       -2076.98
         1         0.0135       -1975.18
         1         0.0138        -1878.5
         1         0.0141       -1786.65
         1         0.0144       -1699.34
         1         0.0147       -1616.31
         1          0.015       -1537.33
         1         0.0153       -1462.19
         1         0.0156       -1390.68
         1         0.0159       -1322.62
         1         0.0162       -1257.84
         1         0.0165       -1196.16
         1         0.0168       -1137.44
         1         0.0171       -1081.52
         1         0.0174       -1028.28
         1         0.0177        -977.57
         1          0.018       -929.275
         1         0.0183        -883.27
         1         0.0186       -839.439
         1         0.0189        -797.67
         1         0.0192       -757.854
         1         0.0195       -719.888
         1         0.0198       -683.672
         1         0.0201        -649.11
         1         0.0204       -616.109
         1         0.0207       -584.581
         1          0.021       -554.441
         1         0.0213       -525.606
         1         0.0216           -498
         1         0.0219       -471.549
         1         0.0222       -446.181
         1         0.0225        -421.83
         1         0.0228       -398.433
         1         0.0231       -375.927
         1         0.0234       -354.256
         1         0.0237       -333.366
         1          0.024       -313.203
         1         0.0243       -293.721
         1         0.0246       -274.871
         1         0.0249       -256.612
         1         0.0252         -238.9
         1         0.0255       -221.699
         1         0.0258        -204.97
         1         0.0261        -188.68
         1         0.0264       -172.795
         1         0.0267       -157.285
         1          0.027        -142.12
         1         0.0273       -127.273
         1         0.0276       -112.718
         1         0.0279       -98.4283
         1         0.0282        -84.381
         1         0.0285       -70.5533
         1         0.0288       -56.9236
         1         0.0291       -43.4718
         1         0.0294       -30.1793
         1         0.0297       -17.0297
         1           0.03        -4.0098
         1         0.0303              0
         1         0.0306              0
         1         0.0309              0
         1         0.0312              0
         1         0.0315              0
         1         0.0318              0
         1         0.0321              0
         1         0.0324              0
         1         0.0327              0
         1          0.033              0
         1         0.0333              0
         1         0.0336              0
         1         0.0339              0
         1         0.0342              0
         1         0.0345              0
         1         0.0348              0
         1         0.0351              0
         1         0.0354              0
         1         0.0357              0
         1          0.036              0
         1         0.0363              0
         1         0.0366              0
         1         0.0369              0
         1         0.0372              0
         1         0.0375              0
         1         0.0378              0
         1         0.0381              0
         1         0.0384              0
         1         0.0387              0
         1          0.039              0
         1         0.0393              0
         1         0.0396              0
         1         0.0399              0
         1         0.0402              0
         1         0.0405              0
         1         0.0408              0
         1         0.0411              0
         1         0.0414              0
         1         0.0417              0
         1          0.042              0
         1         0.0423              0
         1         0.0426              0
         1         0.0429              0
         1         0.0432              0
         1         0.0435              0
         1         0.0438              0
         1         0.0441              0
         1         0.0444              0
         1         0.0447              0
         1          0.045              0
         1         0.0453              0
         1         0.0456              0
         1         0.0459              0
         1         0.0462              0
         1         0.0465              0
         1         0.0468              0
         1         0.0471              0
         1         0.0474              0
         1         0.0477              0
         2         -0.048              0
         2        -0.0477              0
         2        -0.0474              0
         2        -0.0471              0
         2        -0.0468              0
         2        -0.0465              0
         2        -0.0462              0
         2        -0.0459              0
         2        -0.0456              0
         2        -0.0453              0
         2         -0.045              0
         2        -0.0447              0
         2        -0.0444              0
         2        -0.0441              0
         2        -0.0438              0
         2        -0.0435              0
         2        -0.0432              0
         2        -0.0429              0
         2        -0.0426              0
         2        -0.0423              0
         2         -0.042              0
         2        -0.0417              0
         2        -0.0414              0
         2        -0.0411              0
         2        -0.0408              0
         2        -0.0405              0
         2        -0.0402              0
         2        -0.0399              0
         2        -0.0396              0
         2        -0.0393              0
         2         -0.039              0
         2        -0.0387              0
         2        -0.0384              0
         2        -0.0381              0
         2        -0.0378              0
         2        -0.0375              0
         2        -0.0372              0
         2        -0.0369              0
         2        -0.0366              0
         2        -0.0363              0
         2         -0.036              0
         2        -0.0357              0
         2        -0.0354              0
         2        -0.0351              0
         2        -0.0348              0
         2        -0.0345              0
         2        -0.0342              0
         2        -0.0339              0
         2        -0.0336              0
         2        -0.0333              0
         2         -0.033              0
         2        -0.0327              0
         2        -0.0324              0
         2        -0.0321              0
         2        -0.0318              0
         2        -0.0315              0
         2        -0.0312              0
         2        -0.0309              0
         2        -0.0306              0
         2        -0.0303              0
         2          -0.03       -5.86339
         2        -0.0297       -24.8283
         2        -0.0294        -43.877
         2        -0.0291        -63.025
         2        -0.0288        -82.289
         2        -0.0285       -101.687
         2        -0.0282        -121.24
         2        -0.0279       -140.967
         2        -0.0276       -160.893
         2        -0.0273       -181.039
         2         -0.027       -201.432
         2        -0.0267       -222.097
         2        -0.0264       -243.062
         2        -0.0261       -264.355
         2        -0.0258       -286.008
         2        -0.0255       -308.053
         2        -0.0252       -330.525
         2        -0.0249       -353.459
         2        -0.0246       -376.895
         2        -0.0243       -400.874
         2         -0.024       -425.439
         2        -0.0237       -450.636
         2        -0.0234       -476.512
         2        -0.0231       -503.119
         2        -0.0228       -530.507
         2        -0.0225       -558.733
         2        -0.0222       -587.854
         2        -0.0219       -617.928
         2        -0.0216       -649.017
         2        -0.0213       -681.184
         2         -0.021       -714.492
         2        -0.0207       -749.002
         2        -0.0204       -784.776
         2        -0.0201       -821.868
         2        -0.0198       -860.295
         2        -0.0195       -900.015
         2        -0.0192       -941.222
         2        -0.0189       -984.013
         2        -0.0186       -1028.44
         2        -0.0183        -1074.7
         2         -0.018       -1122.91
         2        -0.0177       -1173.21
         2        -0.0174       -1225.73
         2        -0.0171       -1280.54
         2        -0.0168       -1337.79
         2        -0.0165       -1397.65
         2        -0.0162       -1460.29
         2        -0.0159       -1525.86
         2        -0.0156       -1594.54
         2        -0.0153       -1666.48
         2         -0.015       -1741.88
         2        -0.0147       -1820.96
         2        -0.0144        -1903.9
         2        -0.0141       -1990.94
         2        -0.0138       -2082.35
         2        -0.0135       -2178.39
         2        -0.0132       -2279.35
         2        -0.0129       -2385.56
         2        -0.0126       -2497.33
         2        -0.0123       -2615.12
         2         -0.012       -2739.41
         2        -0.0117       -2870.63
         2        -0.0114       -3009.35
         2        -0.0111        -3156.2
         2        -0.0108       -3311.95
         2        -0.0105       -3477.38
         2        -0.0102       -3653.44
         2        -0.0099       -3841.24
         2        -0.0096          -4042
         2        -0.0093       -4257.19
         2         -0.009       -4488.51
         2        -0.0087       -4738.01
         2        -0.0084       -5008.17
         2        -0.0081       -5301.96
         2        -0.0078       -5623.02
         2        -0.0075       -5975.96
         2        -0.0072       -6366.61
         2        -0.0069       -6802.61
         2        -0.0066       -7294.09
         2        -0.0063        -7854.8
         2         -0.006       -8502.74
         2        -0.0057       -9254.93
         2        -0.0054         -10000
         2        -0.0051         -10000
         2        -0.0048         -10000
         2        -0.0045       -9984.06
         2        -0.0042       -9854.95
         2        -0.0039       -9736.58
         2        -0.0036       -9637.54
         2        -0.0033       -9558.04
         2         -0.003       -9496.34
         2        -0.0027       -9450.16
         2        -0.0024       -9417.15
         2        -0.0021       -9395.03
         2        -0.0018       -9381.67
         2        -0.0015       -9374.94
         2        -0.0012       -9372.72
         2        -0.0009        -9373.2
         2        -0.0006       -9375.32
         2        -0.0003       -9377.14
         2              0       -9377.95
         2         0.0003       -9378.26
         2         0.0006       -9376.25
         2         0.0009       -9374.19
         2         0.0012       -9373.21
         2         0.0015       -9375.06
         2         0.0018       -9381.63
         2         0.0021       -9394.81
         2         0.0024       -9416.84
         2         0.0027       -9449.81
         2          0.003       -9495.99
         2         0.0033       -9557.71
         2         0.0036       -9637.24
         2         0.0039       -9736.35
         2         0.0042       -9854.81
         2         0.0045       -9983.95
         2         0.0048         -10000
         2         0.0051         -10000
         2         0.0054         -10000
         2         0.0057       -9256.07
         2          0.006       -8503.52
         2         0.0063       -7855.56
         2         0.0066       -7294.87
         2         0.0069       -6803.42
         2         0.0072       -6367.48
         2         0.0075       -5976.91
         2         0.0078       -5624.08
         2         0.0081       -5303.15
         2         0.0084        -5009.5
         2         0.0087       -4739.49
         2          0.009       -4490.12
         2         0.0093       -4258.97
         2         0.0096       -4043.99
         2         0.0099       -3843.46
         2         0.0102       -3655.93
         2         0.0105       -3480.15
         2         0.0108       -3314.98
         2         0.0111        -3159.5
         2         0.0114       -3012.87
         2         0.0117       -2874.41
         2          0.012       -2743.47
         2         0.0123        -2619.5
         2         0.0126       -2501.99
         2         0.0129       -2390.48
         2         0.0132       -2284.56
         2         0.0135       -2183.88
         2         0.0138       -2088.13
         2         0.0141          -1997
         2         0.0144       -1910.22
         2         0.0147       -1827.52
         2          0.015       -1748.67
         2         0.0153       -1673.46
         2         0.0156       -1601.68
         2         0.0159       -1533.16
         2         0.0162       -1467.71
         2         0.0165       -1405.16
         2         0.0168       -1345.38
         2         0.0171       -1288.16
         2         0.0174       -1233.39
         2         0.0177       -1180.92
         2          0.018       -1130.58
         2         0.0183        -1082.3
         2         0.0186        -1035.9
         2         0.0189       -991.292
         2         0.0192       -948.381
         2         0.0195       -907.041
         2         0.0198       -867.114
         2         0.0201       -828.499
         2         0.0204       -791.216
         2         0.0207       -755.232
         2          0.021         -720.5
         2         0.0213       -686.963
         2         0.0216       -654.562
         2         0.0219       -623.234
         2         0.0222        -592.92
         2         0.0225       -563.559
         2         0.0228       -535.094
         2         0.0231       -507.469
         2         0.0234       -480.628
         2         0.0237       -454.521
         2          0.024       -429.097
         2         0.0243       -404.307
         2         0.0246       -380.108
         2         0.0249       -356.457
         2         0.0252       -333.313
         2         0.0255       -310.637
         2         0.0258       -288.393
         2         0.0261       -266.546
         2         0.0264       -245.064
         2         0.0267       -223.917
         2          0.027       -203.073
         2         0.0273       -182.506
         2         0.0276        -162.19
         2         0.0279       -142.098
         2         0.0282       -122.208
         2         0.0285       -102.496
         2         0.0288       -82.9413
         2         0.0291       -63.5229
         2         0.0294       -44.2224
         2         0.0297       -25.0232
         2           0.03       -5.90918
         2         0.0303              0
         2         0.0306              0
         2         0.0309              0
         2         0.0312              0
         2         0.0315              0
         2         0.0318              0
         2         0.0321              0
         2         0.0324              0
         2         0.0327              0
         2          0.033              0
         2         0.0333              0
         2         0.0336              0
         2         0.0339              0
         2         0.0342              0
         2         0.0345              0
         2         0.0348              0
         2         0.0351              0
         2         0.0354              0
         2         0.0357              0
         2          0.036              0
         2         0.0363              0
         2         0.0366              0
         2         0.0369              0
         2         0.0372              0
         2         0.0375              0
         2         0.0378              0
         2         0.0381              0
         2         0.0384              0
         2         0.0387              0
         2          0.039              0
         2         0.0393              0
         2         0.0396              0
         2         0.0399              0
         2         0.0402              0
         2         0.0405              0
         2         0.0408              0
         2         0.0411              0
         2         0.0414              0
         2         0.0417              0
         2          0.042              0
         2         0.0423              0
         2         0.0426              0
         2         0.0429              0
         2         0.0432              0
         2         0.0435              0
         2         0.0438              0
         2         0.0441              0
         2         0.0444              0
         2         0.0447              0
         2          0.045              0
         2         0.0453              0
         2         0.0456              0
         2         0.0459              0
         2         0.0462              0
         2         0.0465              0
         2         0.0468              0
         2         0.0471              0
         2         0.0474              0
         2         0.0477              0
         3         -0.048              0
         3        -0.0477              0
         3        -0.0474              0
         3        -0.0471              0
         3        -0.0468              0
         3        -0.0465              0
         3        -0.0462              0
         3        -0.0459              0
         3        -0.0456              0
         3        -0.0453              0
         3         -0.045              0
         3        -0.0447              0
         3        -0.0444              0
         3        -0.0441              0
         3        -0.0438              0
         3        -0.0435              0
         3        -0.0432              0
         3        -0.0429              0
         3        -0.0426              0
         3        -0.0423              0
         3         -0.042              0
         3        -0.0417              0
         3        -0.0414              0
         3        -0.0411              0
         3        -0.0408              0
         3        -0.0405              0
         3        -0.0402              0
         3        -0.0399              0
         3        -0.0396              0
         3        -0.0393              0
         3         -0.039              0
         3        -0.0387              0
         3        -0.0384              0
         3        -0.0381              0
         3        -0.0378              0
         3        -0.0375              0
         3        -0.0372              0
         3        -0.0369              0
         3        -0.0366              0
         3        -0.0363              0
         3         -0.036              0
         3        -0.0357              0
         3        -0.0354              0
         3        -0.0351              0
         3        -0.0348              0
         3        -0.0345              0
         3        -0.0342              0
         3        -0.0339              0
         3        -0.0336              0
         3        -0.0333              0
         3         -0.033              0
         3        -0.0327              0
         3        -0.0324              0
         3        -0.0321              0
         3        -0.0318              0
         3        -0.0315              0
         3        -0.0312              0
         3        -0.0309              0
         3        -0.0306              0
         3        -0.0303              0
         3          -0.03       -7.08911
         3        -0.0297       -30.0027
         3        -0.0294       -52.9827
         3        -0.0291       -76.0418
         3        -0.0288       -99.1952
         3        -0.0285       -122.461
         3        -0.0282       -145.857
         3        -0.0279       -169.406
         3        -0.0276       -193.129
         3        -0.0273       -217.051
         3         -0.027       -241.195
         3        -0.0267       -265.588
         3        -0.0264       -290.258
         3        -0.0261       -315.233
         3        -0.0258       -340.543
         3        -0.0255       -366.222
         3        -0.0252       -392.305
         3        -0.0249       -418.827
         3        -0.0246       -445.827
         3        -0.0243       -473.346
         3         -0.024       -501.427
         3        -0.0237       -530.114
         3        -0.0234       -559.456
         3        -0.0231       -589.501
         3        -0.0228         -620.3
         3        -0.0225       -651.909
         3        -0.0222       -684.381
         3        -0.0219       -717.772
         3        -0.0216       -752.139
         3        -0.0213       -787.538
         3         -0.021       -824.022
         3        -0.0207       -861.641
         3        -0.0204       -900.442
         3        -0.0201       -940.452
         3        -0.0198       -981.647
         3        -0.0195       -1023.95
         3        -0.0192       -1067.54
         3        -0.0189       -1112.54
         3        -0.0186       -1159.03
         3        -0.0183       -1207.16
         3         -0.018       -1257.06
         3        -0.0177       -1308.86
         3        -0.0174       -1362.67
         3        -0.0171       -1418.64
         3        -0.0168       -1476.92
         3        -0.0165       -1537.67
         3        -0.0162       -1601.07
         3        -0.0159       -1667.25
         3        -0.0156        -1736.4
         3        -0.0153       -1808.65
         3         -0.015       -1884.24
         3        -0.0147       -1963.39
         3        -0.0144       -2046.24
         3        -0.0141       -2133.07
         3        -0.0138       -2224.14
         3        -0.0135       -2319.69
         3        -0.0132       -2420.04
         3        -0.0129       -2525.47
         3        -0.0126       -2636.28
         3        -0.0123       -2752.93
         3         -0.012       -2875.86
         3        -0.0117       -3005.55
         3        -0.0114       -3142.53
         3        -0.0111       -3287.44
         3        -0.0108       -3440.99
         3        -0.0105       -3603.97
         3        -0.0102       -3777.33
         3        -0.0099       -3962.16
         3        -0.0096       -4159.62
         3        -0.0093       -4371.13
         3         -0.009       -4598.41
         3        -0.0087       -4843.41
         3        -0.0084       -5108.59
         3        -0.0081       -5396.87
         3        -0.0078        -5711.8
         3        -0.0075       -6057.89
         3        -0.0072       -6440.85
         3        -0.0069       -6868.16
         3        -0.0066       -7349.73
         3        -0.0063       -7899.02
         3         -0.006       -8533.66
         3        -0.0057       -9270.33
         3        -0.0054         -10000
         3        -0.0051         -10000
         3        -0.0048         -10000
         3        -0.0045        -9984.6
         3        -0.0042       -9859.98
         3        -0.0039       -9745.94
         3        -0.0036       -9650.84
         3        -0.0033       -9574.91
         3         -0.003       -9516.39
         3        -0.0027       -9473.02
         3        -0.0024       -9442.49
         3        -0.0021       -9422.55
         3        -0.0018       -9411.01
         3        -0.0015        -9405.8
         3        -0.0012       -9404.75
         3        -0.0009          -9406
         3        -0.0006       -9408.38
         3        -0.0003       -9410.16
         3              0        -9410.9
         3         0.0003          -9411
         3         0.0006       -9409.23
         3         0.0009        -9407.1
         3         0.0012       -9405.56
         3         0.0015       -9406.41
         3         0.0018       -9411.58
         3         0.0021       -9422.91
         3         0.0024       -9442.69
         3         0.0027       -9473.11
         3          0.003       -9516.42
         3         0.0033       -9574.93
         3         0.0036       -9650.85
         3         0.0039       -9745.92
         3         0.0042       -9859.94
         3         0.0045       -9984.51
         3         0.0048         -10000
         3         0.0051         -10000
         3         0.0054         -10000
         3         0.0057       -9271.43
         3          0.006       -8534.38
         3         0.0063       -7899.69
         3         0.0066        -7350.4
         3         0.0069       -6868.87
         3         0.0072       -6441.65
         3         0.0075       -6058.77
         3         0.0078       -5712.76
         3         0.0081       -5397.94
         3         0.0084       -5109.78
         3         0.0087       -4844.71
         3          0.009       -4599.84
         3         0.0093       -4372.76
         3         0.0096       -4161.46
         3         0.0099       -3964.27
         3         0.0102       -3779.77
         3         0.0105       -3606.72
         3         0.0108       -3443.99
         3         0.0111       -3290.69
         3         0.0114       -3146.06
         3         0.0117       -3009.35
         3          0.012       -2879.96
         3         0.0123       -2757.34
         3         0.0126       -2640.98
         3         0.0129       -2530.45
         3         0.0132       -2425.33
         3         0.0135        -2325.3
         3         0.0138       -2230.06
         3         0.0141       -2139.31
         3         0.0144       -2052.78
         3         0.0147       -1970.16
         3          0.015       -1891.27
         3         0.0153       -1815.86
         3         0.0156       -1743.74
         3         0.0159       -1674.74
         3         0.0162       -1608.68
         3         0.0165       -1545.41
         3         0.0168       -1484.77
         3         0.0171       -1426.54
         3         0.0174       -1370.57
         3         0.0177       -1316.76
         3          0.018       -1264.95
         3         0.0183       -1215.03
         3         0.0186       -1166.81
         3         0.0189        -1120.2
         3         0.0192       -1075.13
         3         0.0195        -1031.4
         3         0.0198       -988.872
         3         0.0201       -947.478
         3         0.0204       -907.261
         3         0.0207       -868.231
         3          0.021       -830.365
         3         0.0213       -793.625
         3         0.0216       -757.964
         3         0.0219       -723.329
         3         0.0222       -689.668
         3         0.0225       -656.926
         3         0.0228       -625.047
         3         0.0231        -593.98
         3         0.0234        -563.67
         3         0.0237       -534.068
         3          0.024       -505.124
         3         0.0243       -476.794
         3         0.0246       -449.031
         3         0.0249       -421.794
         3         0.0252       -395.043
         3         0.0255       -368.738
         3         0.0258       -342.844
         3         0.0261       -317.327
         3         0.0264       -292.154
         3         0.0267       -267.293
         3          0.027       -242.716
         3         0.0273       -218.394
         3         0.0276       -194.301
         3         0.0279       -170.412
         3         0.0282       -146.703
         3         0.0285       -123.153
         3         0.0288       -99.7389
         3         0.0291       -76.4427
         3         0.0294       -53.2476
         3         0.0297       -30.1409
         3           0.03        -7.1164
         3         0.0303              0
         3         0.0306              0
         3         0.0309              0
         3         0.0312              0
         3         0.0315              0
         3         0.0318              0
         3         0.0321              0
         3         0.0324              0
         3         0.0327              0
         3          0.033              0
         3         0.0333              0
         3         0.0336              0
         3         0.0339              0
         3         0.0342              0
         3         0.0345              0
         3         0.0348              0
         3         0.0351              0
         3         0.0354              0
         3         0.0357              0
         3          0.036              0
         3         0.0363              0
         3         0.0366              0
         3         0.0369              0
         3         0.0372              0
         3         0.0375              0
         3         0.0378              0
         3         0.0381              0
         3         0.0384              0
         3         0.0387              0
         3          0.039              0
         3         0.0393              0
         3         0.0396              0
         3         0.0399              0
         3         0.0402              0
         3         0.0405              0
         3         0.0408              0
         3         0.0411              0
         3         0.0414              0
         3         0.0417              0
         3          0.042              0
         3         0.0423              0
         3         0.0426              0
         3         0.0429              0
         3         0.0432              0
         3         0.0435              0
         3         0.0438              0
         3         0.0441              0
         3         0.0444              0
         3         0.0447              0
         3          0.045              0
         3         0.0453              0
         3         0.0456              0
         3         0.0459              0
         3         0.0462              0
         3         0.0465              0
         3         0.0468              0
         3         0.0471              0
         3         0.0474              0
         3         0.0477              0
         4         -0.048              0
         4        -0.0477              0
         4        -0.0474              0
         4        -0.0471              0
         4        -0.0468              0
         4        -0.0465              0
         4        -0.0462              0
         4        -0.0459              0
         4        -0.0456              0
         4        -0.0453              0
         4         -0.045              0
         4        -0.0447              0
         4        -0.0444              0
         4        -0.0441              0
         4        -0.0438              0
         4        -0.0435              0
         4        -0.0432              0
         4        -0.0429              0
         4        -0.0426              0
         4        -0.0423              0
         4         -0.042              0
         4        -0.0417              0
         4        -0.0414              0
         4        -0.0411              0
         4        -0.0408              0
         4        -0.0405              0
         4        -0.0402              0
         4        -0.0399              0
         4        -0.0396              0
         4        -0.0393              0
         4         -0.039              0
         4        -0.0387              0
         4        -0.0384              0
         4        -0.0381              0
         4        -0.0378              0
         4        -0.0375              0
         4        -0.0372              0
         4        -0.0369              0
         4        -0.0366              0
         4        -0.0363              0
         4         -0.036              0
         4        -0.0357              0
         4        -0.0354              0
         4        -0.0351              0
         4        -0.0348              0
         4        -0.0345              0
         4        -0.0342              0
         4        -0.0339              0
         4        -0.0336              0
         4        -0.0333              0
         4         -0.033              0
         4        -0.0327              0
         4        -0.0324              0
         4        -0.0321              0
         4        -0.0318              0
         4        -0.0315              0
         4        -0.0312              0
         4        -0.0309              0
         4        -0.0306              0
         4        -0.0303              0
         4          -0.03       -7.90593
         4        -0.0297       -33.4485
         4        -0.0294        -59.046
         4        -0.0291       -84.7104
         4        -0.0288       -110.457
         4        -0.0285       -136.303
         4        -0.0282       -162.267
         4        -0.0279       -188.371
         4        -0.0276       -214.636
         4        -0.0273       -241.085
         4         -0.027       -267.745
         4        -0.0267       -294.639
         4        -0.0264       -321.797
         4        -0.0261       -349.246
         4        -0.0258       -377.017
         4        -0.0255       -405.144
         4        -0.0252       -433.663
         4        -0.0249       -462.609
         4        -0.0246        -492.02
         4        -0.0243       -521.937
         4         -0.024       -552.403
         4        -0.0237       -583.463
         4        -0.0234       -615.164
         4        -0.0231       -647.555
         4        -0.0228       -680.687
         4        -0.0225       -714.613
         4        -0.0222       -749.385
         4        -0.0219       -785.058
         4        -0.0216       -821.685
         4        -0.0213       -859.318
         4         -0.021       -898.005
         4        -0.0207       -937.789
         4        -0.0204       -978.701
         4        -0.0201       -1020.75
         4        -0.0198       -1063.89
         4        -0.0195       -1108.01
         4        -0.0192        -1153.3
         4        -0.0189       -1199.88
         4        -0.0186       -1247.81
         4        -0.0183       -1297.24
         4         -0.018       -1348.27
         4        -0.0177       -1401.08
         4        -0.0174       -1455.84
         4        -0.0171        -1512.7
         4        -0.0168       -1571.76
         4        -0.0165        -1633.2
         4        -0.0162       -1697.19
         4        -0.0159       -1763.88
         4        -0.0156       -1833.43
         4        -0.0153       -1905.97
         4         -0.015       -1981.74
         4        -0.0147       -2060.96
         4        -0.0144       -2143.79
         4        -0.0141       -2230.51
         4        -0.0138       -2321.34
         4        -0.0135       -2416.58
         4        -0.0132        -2516.5
         4        -0.0129       -2621.37
         4        -0.0126       -2731.52
         4        -0.0123       -2847.38
         4         -0.012       -2969.39
         4        -0.0117       -3098.02
         4        -0.0114       -3233.82
         4        -0.0111       -3377.38
         4        -0.0108       -3529.42
         4        -0.0105       -3690.73
         4        -0.0102       -3862.24
         4        -0.0099       -4044.99
         4        -0.0096       -4240.17
         4        -0.0093       -4449.18
         4         -0.009       -4673.69
         4        -0.0087       -4915.65
         4        -0.0084       -5177.45
         4        -0.0081       -5461.97
         4        -0.0078       -5772.71
         4        -0.0075       -6114.11
         4        -0.0072        -6491.8
         4        -0.0069       -6913.14
         4        -0.0066       -7387.92
         4        -0.0063       -7929.37
         4         -0.006       -8554.88
         4        -0.0057        -9280.9
         4        -0.0054         -10000
         4        -0.0051         -10000
         4        -0.0048         -10000
         4        -0.0045       -9984.98
         4        -0.0042       -9863.41
         4        -0.0039       -9752.33
         4        -0.0036        -9659.9
         4        -0.0033       -9586.35
         4         -0.003       -9529.95
         4        -0.0027       -9488.49
         4        -0.0024       -9459.59
         4        -0.0021       -9441.08
         4        -0.0018       -9430.61
         4        -0.0015       -9426.24
         4        -0.0012       -9425.78
         4        -0.0009       -9427.13
         4        -0.0006       -9429.13
         4        -0.0003       -9430.63
         4              0        -9431.1
         4         0.0003       -9431.06
         4         0.0006        -9429.6
         4         0.0009       -9427.71
         4         0.0012       -9426.29
         4         0.0015       -9426.71
         4         0.0018       -9431.03
         4         0.0021       -9441.29
         4         0.0024       -9459.72
         4         0.0027       -9488.56
         4          0.003       -9530.03
         4         0.0033       -9586.41
         4         0.0036       -9659.92
         4         0.0039        -9752.3
         4         0.0042       -9863.37
         4         0.0045       -9984.89
         4         0.0048         -10000
         4         0.0051         -10000
         4         0.0054         -10000
         4         0.0057       -9281.93
         4          0.006       -8555.47
         4         0.0063       -7929.85
         4         0.0066       -7388.36
         4         0.0069       -6913.59
         4         0.0072        -6492.3
         4         0.0075        -6114.7
         4         0.0078        -5773.4
         4         0.0081       -5462.79
         4         0.0084       -5178.42
         4         0.0087       -4916.76
         4          0.009       -4674.96
         4         0.0093       -4450.64
         4         0.0096       -4241.82
         4         0.0099       -4046.85
         4         0.0102       -3864.35
         4         0.0105        -3693.1
         4         0.0108       -3532.02
         4         0.0111        -3380.2
         4         0.0114       -3236.91
         4         0.0117       -3101.41
         4          0.012       -2973.07
         4         0.0123       -2851.33
         4         0.0126       -2735.74
         4         0.0129       -2625.84
         4         0.0132       -2521.27
         4         0.0135       -2421.68
         4         0.0138       -2326.75
         4         0.0141       -2236.21
         4         0.0144        -2149.8
         4         0.0147       -2067.19
         4          0.015       -1988.25
         4         0.0153        -1912.7
         4         0.0156       -1840.36
         4         0.0159       -1771.02
         4         0.0162       -1704.49
         4         0.0165       -1640.64
         4         0.0168       -1579.33
         4         0.0171       -1520.33
         4         0.0174        -1463.5
         4         0.0177       -1408.69
         4          0.018       -1355.78
         4         0.0183       -1304.68
         4         0.0186        -1255.1
         4         0.0189       -1207.02
         4         0.0192       -1160.37
         4         0.0195       -1114.96
         4         0.0198       -1070.59
         4         0.0201       -1027.24
         4         0.0204       -984.987
         4         0.0207       -943.857
         4          0.021       -903.841
         4         0.0213       -864.913
         4         0.0216       -827.031
         4         0.0219       -790.149
         4         0.0222       -754.218
         4         0.0225       -719.185
         4         0.0228       -684.999
         4         0.0231       -651.608
         4         0.0234        -618.96
         4         0.0237       -587.006
         4          0.024       -555.698
         4         0.0243        -524.99
         4         0.0246       -494.837
         4         0.0249       -465.198
         4         0.0252       -436.032
         4         0.0255       -407.302
         4         0.0258        -378.97
         4         0.0261       -351.003
         4         0.0264       -323.368
         4         0.0267       -296.033
         4          0.027       -268.969
         4         0.0273        -242.15
         4         0.0276       -215.547
         4         0.0279       -189.137
         4         0.0282       -162.897
         4         0.0285       -136.803
         4         0.0288       -110.837
         4         0.0291        -84.978
         4         0.0294       -59.2119
         4         0.0297        -33.527
         4           0.03       -7.91846
         4         0.0303              0
         4         0.0306              0
         4         0.0309              0
         4         0.0312              0
         4         0.0315              0
         4         0.0318              0
         4         0.0321              0
         4         0.0324              0
         4         0.0327              0
         4          0.033              0
         4         0.0333              0
         4         0.0336              0
         4         0.0339              0
         4         0.0342              0
         4         0.0345              0
         4         0.0348              0
         4         0.0351              0
         4         0.0354              0
         4         0.0357              0
         4          0.036              0
         4         0.0363              0
         4         0.0366              0
         4         0.0369              0
         4         0.0372              0
         4         0.0375              0
         4         0.0378              0
         4         0.0381              0
         4         0.0384              0
         4         0.0387              0
         4          0.039              0
         4         0.0393              0
         4         0.0396              0
         4         0.0399              0
         4         0.0402              0
         4         0.0405              0
         4         0.0408              0
         4         0.0411              0
         4         0.0414              0
         4         0.0417              0
         4          0.042              0
         4         0.0423              0
         4         0.0426              0
         4         0.0429              0
         4         0.0432              0
         4         0.0435              0
         4         0.0438              0
         4         0.0441              0
         4         0.0444              0
         4         0.0447              0
         4          0.045              0
         4         0.0453              0
         4         0.0456              0
         4         0.0459              0
         4         0.0462              0
         4         0.0465              0
         4         0.0468              0
         4         0.0471              0
         4         0.0474              0
         4         0.0477              0
         5         -0.048              0
         5        -0.0477              0
         5        -0.0474              0
         5        -0.0471              0
         5        -0.0468              0
         5        -0.0465              0
         5        -0.0462              0
         5        -0.0459              0
         5        -0.0456              0
         5        -0.0453              0
         5         -0.045              0
         5        -0.0447              0
         5        -0.0444              0
         5        -0.0441              0
         5        -0.0438              0
         5        -0.0435              0
         5        -0.0432              0
         5        -0.0429              0
         5        -0.0426              0
         5        -0.0423              0
         5         -0.042              0
         5        -0.0417              0
         5        -0.0414              0
         5        -0.0411              0
         5        -0.0408              0
         5        -0.0405              0
         5        -0.0402              0
         5        -0.0399              0
         5        -0.0396              0
         5        -0.0393              0
         5         -0.039              0
         5        -0.0387              0
         5        -0.0384              0
         5        -0.0381              0
         5        -0.0378              0
         5        -0.0375              0
         5        -0.0372              0
         5        -0.0369              0
         5        -0.0366              0
         5        -0.0363              0
         5         -0.036              0
         5        -0.0357              0
         5        -0.0354              0
         5        -0.0351              0
         5        -0.0348              0
         5        -0.0345              0
         5        -0.0342              0
         5        -0.0339              0
         5        -0.0336              0
         5        -0.0333              0
         5         -0.033              0
         5        -0.0327              0
         5        -0.0324              0
         5        -0.0321              0
         5        -0.0318              0
         5        -0.0315              0
         5        -0.0312              0
         5        -0.0309              0
         5        -0.0306              0
         5        -0.0303              0
         5          -0.03       -8.41841
         5        -0.0297       -35.6171
         5        -0.0294       -62.8698
         5        -0.0291       -90.1863
         5        -0.0288       -117.581
         5        -0.0285        -145.07
         5        -0.0282       -172.672
         5        -0.0279       -200.408
         5        -0.0276       -228.299
         5        -0.0273       -256.369
         5         -0.027       -284.642
         5        -0.0267       -313.144
         5        -0.0264       -341.902
         5        -0.0261       -370.945
         5        -0.0258       -400.305
         5        -0.0255       -430.015
         5        -0.0252       -460.109
         5        -0.0249       -490.624
         5        -0.0246       -521.598
         5        -0.0243       -553.072
         5         -0.024       -585.089
         5        -0.0237       -617.693
         5        -0.0234       -650.931
         5        -0.0231       -684.852
         5        -0.0228       -719.506
         5        -0.0225       -754.946
         5        -0.0222       -791.223
         5        -0.0219        -828.39
         5        -0.0216       -866.502
         5        -0.0213       -905.607
         5         -0.021       -945.752
         5        -0.0207       -986.973
         5        -0.0204        -1029.3
         5        -0.0201       -1072.72
         5        -0.0198       -1117.17
         5        -0.0195       -1162.54
         5        -0.0192       -1209.02
         5        -0.0189       -1256.67
         5        -0.0186       -1305.62
         5        -0.0183       -1355.96
         5         -0.018       -1407.81
         5        -0.0177        -1461.4
         5        -0.0174       -1516.87
         5        -0.0171       -1574.34
         5        -0.0168       -1633.94
         5        -0.0165       -1695.86
         5        -0.0162       -1760.28
         5        -0.0159       -1827.37
         5        -0.0156       -1897.26
         5        -0.0153       -1970.12
         5         -0.015       -2046.14
         5        -0.0147       -2125.51
         5        -0.0144       -2208.46
         5        -0.0141       -2295.25
         5        -0.0138       -2386.06
         5        -0.0135       -2481.18
         5        -0.0132       -2580.92
         5        -0.0129       -2685.54
         5        -0.0126       -2795.38
         5        -0.0123       -2910.86
         5         -0.012       -3032.35
         5        -0.0117       -3160.37
         5        -0.0114       -3295.47
         5        -0.0111       -3438.24
         5        -0.0108       -3589.37
         5        -0.0105       -3749.62
         5        -0.0102       -3919.93
         5        -0.0099       -4101.36
         5        -0.0096       -4295.06
         5        -0.0093        -4502.4
         5         -0.009       -4725.05
         5        -0.0087       -4964.92
         5        -0.0084       -5224.42
         5        -0.0081       -5506.37
         5        -0.0078       -5814.27
         5        -0.0075       -6152.48
         5        -0.0072       -6526.56
         5        -0.0069       -6943.84
         5        -0.0066       -7413.98
         5        -0.0063       -7950.08
         5         -0.006       -8569.36
         5        -0.0057       -9288.12
         5        -0.0054         -10000
         5        -0.0051         -10000
         5        -0.0048         -10000
         5        -0.0045       -9985.24
         5        -0.0042        -9865.8
         5        -0.0039       -9756.81
         5        -0.0036        -9666.3
         5        -0.0033       -9594.46
         5         -0.003       -9539.57
         5        -0.0027       -9499.41
         5        -0.0024       -9471.63
         5        -0.0021       -9454.05
         5        -0.0018        -9444.3
         5        -0.0015       -9440.36
         5        -0.0012       -9440.13
         5        -0.0009       -9441.53
         5        -0.0006       -9443.44
         5        -0.0003       -9444.86
         5              0       -9445.43
         5         0.0003       -9444.98
         5         0.0006       -9443.32
         5         0.0009       -9441.56
         5         0.0012       -9440.16
         5         0.0015       -9440.47
         5         0.0018       -9444.38
         5         0.0021       -9454.03
         5         0.0024        -9471.6
         5         0.0027       -9499.36
         5          0.003       -9539.55
         5         0.0033       -9594.46
         5         0.0036       -9666.28
         5         0.0039       -9756.78
         5         0.0042       -9865.79
         5         0.0045       -9985.15
         5         0.0048         -10000
         5         0.0051         -10000
         5         0.0054         -10000
         5         0.0057       -9289.22
         5          0.006       -8570.13
         5         0.0063       -7950.84
         5         0.0066       -7414.79
         5         0.0069       -6944.75
         5         0.0072        -6527.6
         5         0.0075       -6153.66
         5         0.0078       -5815.63
         5         0.0081       -5507.95
         5         0.0084        -5226.2
         5         0.0087       -4966.89
         5          0.009       -4727.21
         5         0.0093       -4504.81
         5         0.0096       -4297.74
         5         0.0099       -4104.33
         5         0.0102       -3923.19
         5         0.0105       -3753.15
         5         0.0108       -3593.17
         5         0.0111       -3442.36
         5         0.0114       -3299.96
         5         0.0117       -3165.26
         5          0.012       -3037.65
         5         0.0123       -2916.56
         5         0.0126       -2801.53
         5         0.0129       -2692.11
         5         0.0132       -2587.93
         5         0.0135       -2488.64
         5         0.0138       -2393.91
         5         0.0141       -2303.48
         5         0.0144       -2217.11
         5         0.0147       -2134.47
         5          0.015       -2055.39
         5         0.0153       -1979.64
         5         0.0156       -1907.05
         5         0.0159       -1837.38
         5         0.0162       -1770.45
         5         0.0165       -1706.11
         5         0.0168       -1644.23
         5         0.0171       -1584.59
         5         0.0174       -1527.06
         5         0.0177       -1471.55
         5          0.018       -1417.91
         5         0.0183       -1365.95
         5         0.0186       -1315.47
         5         0.0189       -1266.46
         5         0.0192       -1218.81
         5         0.0195       -1172.24
         5         0.0198       -1126.61
         5         0.0201        -1081.9
         5         0.0204       -1038.22
         5         0.0207       -995.626
         5          0.021       -954.111
         5         0.0213       -913.658
         5         0.0216       -874.233
         5         0.0219       -835.793
         5         0.0222        -798.29
         5         0.0225       -761.676
         5         0.0228       -725.897
         5         0.0231       -690.906
         5         0.0234        -656.65
         5         0.0237       -623.082
         5          0.024       -590.154
         5         0.0243        -557.82
         5         0.0246       -526.035
         5         0.0249       -494.758
         5         0.0252       -463.947
         5         0.0255       -433.564
         5         0.0258       -403.573
         5         0.0261       -373.939
         5         0.0264        -344.63
         5         0.0267       -315.614
         5          0.027       -286.863
         5         0.0273       -258.347
         5         0.0276       -230.041
         5         0.0279        -201.92
         5         0.0282        -173.96
         5         0.0285       -146.139
         5         0.0288       -118.436
         5         0.0291        -90.832
         5         0.0294       -63.3108
         5         0.0297       -35.8597
         5           0.03       -8.47209
         5         0.0303              0
         5         0.0306              0
         5         0.0309              0
         5         0.0312              0
         5         0.0315              0
         5         0.0318              0
         5         0.0321              0
         5         0.0324              0
         5         0.0327              0
         5          0.033              0
         5         0.0333              0
         5         0.0336              0
         5         0.0339              0
         5         0.0342              0
         5         0.0345              0
         5         0.0348              0
         5         0.0351              0
         5         0.0354              0
         5         0.0357              0
         5          0.036              0
         5         0.0363              0
         5         0.0366              0
         5         0.0369              0
         5         0.0372              0
         5         0.0375              0
         5         0.0378              0
         5         0.0381              0
         5         0.0384              0
         5         0.0387              0
         5          0.039              0
         5         0.0393              0
         5         0.0396              0
         5         0.0399              0
         5         0.0402              0
         5         0.0405              0
         5         0.0408              0
         5         0.0411              0
         5         0.0414              0
         5         0.0417              0
         5          0.042              0
         5         0.0423              0
         5         0.0426              0
         5         0.0429              0
         5         0.0432              0
         5         0.0435              0
         5         0.0438              0
         5         0.0441              0
         5         0.0444              0
         5         0.0447              0
         5          0.045              0
         5         0.0453              0
         5         0.0456              0
         5         0.0459              0
         5         0.0462              0
         5         0.0465              0
         5         0.0468              0
         5         0.0471              0
         5         0.0474              0
         5         0.0477              0
