# iteration    r (m)    potential (V)
         1         -0.048              0
         1        -0.0477              0
         1        -0.0474              0
         1        -0.0471              0
         1        -0.0468              0
         1        -0.0465              0
         1        -0.0462              0
         1        -0.0459              0
         1        -0.0456              0
         1        -0.0453              0
         1         -0.045              0
         1        -0.0447              0
         1        -0.0444              0
         1        -0.0441              0
         1        -0.0438              0
         1        -0.0435              0
         1        -0.0432              0
         1        -0.0429              0
         1        -0.0426              0
         1        -0.0423              0
         1         -0.042              0
         1        -0.0417              0
         1        -0.0414              0
         1        -0.0411              0
         1        -0.0408              0
         1        -0.0405              0
         1        -0.0402              0
         1        -0.0399              0
         1        -0.0396              0
         1        -0.0393              0
         1         -0.039              0
         1        -0.0387              0
         1        -0.0384              0
         1        -0.0381              0
         1        -0.0378              0
         1        -0.0375              0
         1        -0.0372              0
         1        -0.0369              0
         1        -0.0366              0
         1        -0.0363              0
         1         -0.036              0
         1        -0.0357              0
         1        -0.0354              0
         1        -0.0351              0
         1        -0.0348              0
         1        -0.0345              0
         1        -0.0342              0
         1        -0.0339              0
         1        -0.0336              0
         1        -0.0333              0
         1         -0.033              0
         1        -0.0327              0
         1        -0.0324              0
         1        -0.0321              0
         1        -0.0318              0
         1        -0.0315              0
         1        -0.0312              0
         1        -0.0309              0
         1        -0.0306              0
         1        -0.0303              0
         1          -0.03       -9.94001
         1        -0.0297       -42.2152
         1        -0.0294       -74.8114
         1        -0.0291       -107.761
         1        -0.0288       -141.105
         1        -0.0285       -174.888
         1        -0.0282       -209.161
         1        -0.0279       -243.976
         1        -0.0276       -279.389
         1        -0.0273        -315.46
         1         -0.027       -352.251
         1        -0.0267       -389.826
         1        -0.0264       -428.256
         1        -0.0261       -467.614
         1        -0.0258       -507.976
         1        -0.0255       -549.424
         1        -0.0252       -592.045
         1        -0.0249       -635.931
         1        -0.0246       -681.179
         1        -0.0243       -727.893
         1         -0.024       -776.181
         1        -0.0237       -826.159
         1        -0.0234       -877.951
         1        -0.0231       -931.686
         1        -0.0228       -987.503
         1        -0.0225       -1045.55
         1        -0.0222       -1105.97
         1        -0.0219       -1168.94
         1        -0.0216       -1234.63
         1        -0.0213        -1303.2
         1         -0.021       -1374.86
         1        -0.0207       -1449.81
         1        -0.0204       -1528.24
         1        -0.0201       -1610.37
         1        -0.0198       -1696.44
         1        -0.0195       -1786.67
         1        -0.0192       -1881.31
         1        -0.0189       -1980.61
         1        -0.0186       -2084.83
         1        -0.0183       -2194.26
         1         -0.018       -2309.16
         1        -0.0177       -2429.84
         1        -0.0174       -2556.59
         1        -0.0171       -2689.74
         1        -0.0168       -2829.62
         1        -0.0165       -2976.57
         1        -0.0162       -3130.96
         1        -0.0159       -3293.17
         1        -0.0156        -3463.6
         1        -0.0153        -3642.7
         1         -0.015       -3830.93
         1        -0.0147       -4028.77
         1        -0.0144       -4236.77
         1        -0.0141       -4455.51
         1        -0.0138       -4685.62
         1        -0.0135        -4927.8
         1        -0.0132        -5182.8
         1        -0.0129       -5451.48
         1        -0.0126       -5734.75
         1        -0.0123       -6033.65
         1         -0.012       -6349.34
         1        -0.0117       -6683.11
         1        -0.0114       -7036.39
         1        -0.0111       -7410.85
         1        -0.0108       -7808.32
         1        -0.0105       -8230.92
         1        -0.0102       -8681.08
         1        -0.0099       -9161.58
         1        -0.0096       -9675.64
         1        -0.0093       -10227.1
         1         -0.009       -10820.2
         1        -0.0087       -11460.5
         1        -0.0084       -12154.1
         1        -0.0081       -12908.7
         1        -0.0078       -13733.8
         1        -0.0075       -14641.2
         1        -0.0072       -15645.9
         1        -0.0069       -16767.7
         1        -0.0066       -18032.5
         1        -0.0063       -19475.9
         1         -0.006       -21144.1
         1        -0.0057       -23081.1
         1        -0.0054         -25000
         1        -0.0051         -25000
         1        -0.0048         -25000
         1        -0.0045         -24958
         1        -0.0042       -24618.1
         1        -0.0039       -24305.4
         1        -0.0036       -24042.4
         1        -0.0033       -23829.7
         1         -0.003       -23662.7
         1        -0.0027       -23535.4
         1        -0.0024       -23441.9
         1        -0.0021       -23376.2
         1        -0.0018       -23332.7
         1        -0.0015       -23306.2
         1        -0.0012       -23291.9
         1        -0.0009       -23285.6
         1        -0.0006       -23283.8
         1        -0.0003       -23283.8
         1              0         -23284
         1         0.0003       -23283.8
         1         0.0006       -23283.8
         1         0.0009       -23285.6
         1         0.0012       -23291.9
         1         0.0015       -23306.1
         1         0.0018       -23332.6
         1         0.0021       -23376.1
         1         0.0024       -23441.7
         1         0.0027       -23535.2
         1          0.003       -23662.5
         1         0.0033       -23829.5
         1         0.0036       -24042.1
         1         0.0039       -24305.1
         1         0.0042       -24617.8
         1         0.0045       -24957.8
         1         0.0048         -25000
         1         0.0051         -25000
         1         0.0054         -25000
         1         0.0057       -23084.3
         1          0.006       -21146.5
         1         0.0063       -19478.2
         1         0.0066       -18034.9
         1         0.0069       -16770.2
         1         0.0072       -15648.5
         1         0.0075       -14643.9
         1         0.0078       -13736.7
         1         0.0081       -12911.7
         1         0.0084       -12157.3
         1         0.0087         -11464
         1          0.009         -10824
         1         0.0093       -10231.1
         1         0.0096          -9680
         1         0.0099       -9166.28
         1         0.0102       -8686.15
         1         0.0105       -8236.39
         1         0.0108        -7814.2
         1         0.0111       -7417.17
         1         0.0114       -7043.17
         1         0.0117       -6690.36
         1          0.012       -6357.08
         1         0.0123       -6041.89
         1         0.0126       -5743.49
         1         0.0129       -5460.73
         1         0.0132       -5192.56
         1         0.0135       -4938.06
         1         0.0138       -4696.37
         1         0.0141       -4466.73
         1         0.0144       -4248.45
         1         0.0147       -4040.89
         1          0.015       -3843.45
         1         0.0153       -3655.59
         1         0.0156       -3476.83
         1         0.0159       -3306.68
         1         0.0162       -3144.72
         1         0.0165       -2990.53
         1         0.0168       -2843.72
         1         0.0171       -2703.94
         1         0.0174       -2570.84
         1         0.0177       -2444.08
         1          0.018       -2323.34
         1         0.0183       -2208.34
         1         0.0186       -2098.76
         1         0.0189       -1994.34
         1         0.0192       -1894.79
         1         0.0195       -1799.88
         1         0.0198       -1709.33
         1         0.0201       -1622.93
         1         0.0204       -1540.42
         1         0.0207        -1461.6
         1          0.021       -1386.24
         1         0.0213       -1314.15
         1         0.0216       -1245.14
         1         0.0219       -1179.01
         1         0.0222       -1115.59
         1         0.0225       -1054.71
         1         0.0228       -996.212
         1         0.0231       -939.943
         1         0.0234       -885.761
         1         0.0237       -833.527
         1          0.024       -783.114
         1         0.0243         -734.4
         1         0.0246       -687.269
         1         0.0249       -641.613
         1         0.0252       -597.328
         1         0.0255       -554.318
         1         0.0258       -512.491
         1         0.0261       -471.761
         1         0.0264       -432.045
         1         0.0267       -393.265
         1          0.027        -355.35
         1         0.0273       -318.228
         1         0.0276       -281.834
         1         0.0279       -246.105
         1         0.0282       -210.982
         1         0.0285       -176.407
         1         0.0288       -142.328
         1         0.0291       -108.693
         1         0.0294       -75.4575
         1         0.0297       -42.5793
         1           0.03       -10.0257
         1         0.0303              0
         1         0.0306              0
         1         0.0309              0
         1         0.0312              0
         1         0.0315              0
         1         0.0318              0
         1         0.0321              0
         1         0.0324              0
         1         0.0327              0
         1          0.033              0
         1         0.0333              0
         1         0.0336              0
         1         0.0339              0
         1         0.0342              0
         1         0.0345              0
         1         0.0348              0
         1         0.0351              0
         1         0.0354              0
         1         0.0357              0
         1          0.036              0
         1         0.0363              0
         1         0.0366              0
         1         0.0369              0
         1         0.0372              0
         1         0.0375              0
         1         0.0378              0
         1         0.0381              0
         1         0.0384              0
         1         0.0387              0
         1          0.039              0
         1         0.0393              0
         1         0.0396              0
         1         0.0399              0
         1         0.0402              0
         1         0.0405              0
         1         0.0408              0
         1         0.0411              0
         1         0.0414              0
         1         0.0417              0
         1          0.042              0
         1         0.0423              0
         1         0.0426              0
         1         0.0429              0
         1         0.0432              0
         1         0.0435              0
         1         0.0438              0
         1         0.0441              0
         1         0.0444              0
         1         0.0447              0
         1          0.045              0
         1         0.0453              0
         1         0.0456              0
         1         0.0459              0
         1         0.0462              0
         1         0.0465              0
         1         0.0468              0
         1         0.0471              0
         1         0.0474              0
         1         0.0477              0
         2         -0.048              0
         2        -0.0477              0
         2        -0.0474              0
         2        -0.0471              0
         2        -0.0468              0
         2        -0.0465              0
         2        -0.0462              0
         2        -0.0459              0
         2        -0.0456              0
         2        -0.0453              0
         2         -0.045              0
         2        -0.0447              0
         2        -0.0444              0
         2        -0.0441              0
         2        -0.0438              0
         2        -0.0435              0
         2        -0.0432              0
         2        -0.0429              0
         2        -0.0426              0
         2        -0.0423              0
         2         -0.042              0
         2        -0.0417              0
         2        -0.0414              0
         2        -0.0411              0
         2        -0.0408              0
         2        -0.0405              0
         2        -0.0402              0
         2        -0.0399              0
         2        -0.0396              0
         2        -0.0393              0
         2         -0.039              0
         2        -0.0387              0
         2        -0.0384              0
         2        -0.0381              0
         2        -0.0378              0
         2        -0.0375              0
         2        -0.0372              0
         2        -0.0369              0
         2        -0.0366              0
         2        -0.0363              0
         2         -0.036              0
         2        -0.0357              0
         2        -0.0354              0
         2        -0.0351              0
         2        -0.0348              0
         2        -0.0345              0
         2        -0.0342              0
         2        -0.0339              0
         2        -0.0336              0
         2        -0.0333              0
         2         -0.033              0
         2        -0.0327              0
         2        -0.0324              0
         2        -0.0321              0
         2        -0.0318              0
         2        -0.0315              0
         2        -0.0312              0
         2        -0.0309              0
         2        -0.0306              0
         2        -0.0303              0
         2          -0.03       -11.1371
         2        -0.0297       -47.2497
         2        -0.0294       -83.6553
         2        -0.0291       -120.388
         2        -0.0288       -157.489
         2        -0.0285       -195.005
         2        -0.0282       -232.984
         2        -0.0279       -271.478
         2        -0.0276       -310.545
         2        -0.0273       -350.243
         2         -0.027       -390.634
         2        -0.0267       -431.784
         2        -0.0264       -473.761
         2        -0.0261       -516.639
         2        -0.0258       -560.495
         2        -0.0255       -605.411
         2        -0.0252       -651.474
         2        -0.0249       -698.773
         2        -0.0246       -747.406
         2        -0.0243       -797.476
         2         -0.024       -849.093
         2        -0.0237       -902.371
         2        -0.0234       -957.432
         2        -0.0231       -1014.41
         2        -0.0228       -1073.43
         2        -0.0225       -1134.64
         2        -0.0222        -1198.2
         2        -0.0219       -1264.27
         2        -0.0216          -1333
         2        -0.0213       -1404.58
         2         -0.021       -1479.18
         2        -0.0207          -1557
         2        -0.0204       -1638.22
         2        -0.0201       -1723.03
         2        -0.0198       -1811.62
         2        -0.0195       -1904.13
         2        -0.0192       -2000.89
         2        -0.0189       -2102.14
         2        -0.0186       -2208.16
         2        -0.0183        -2319.2
         2         -0.018       -2435.56
         2        -0.0177       -2557.51
         2        -0.0174       -2685.38
         2        -0.0171       -2819.53
         2        -0.0168       -2960.24
         2        -0.0165       -3107.88
         2        -0.0162       -3262.83
         2        -0.0159       -3425.48
         2        -0.0156       -3596.23
         2        -0.0153       -3775.51
         2         -0.015        -3963.8
         2        -0.0147       -4161.58
         2        -0.0144       -4369.39
         2        -0.0141       -4587.82
         2        -0.0138       -4817.51
         2        -0.0135       -5059.11
         2        -0.0132       -5313.39
         2        -0.0129        -5581.2
         2        -0.0126       -5863.49
         2        -0.0123       -6161.27
         2         -0.012       -6475.68
         2        -0.0117          -6808
         2        -0.0114       -7159.65
         2        -0.0111       -7532.26
         2        -0.0108        -7927.7
         2        -0.0105       -8348.05
         2        -0.0102       -8795.69
         2        -0.0099        -9273.4
         2        -0.0096       -9784.39
         2        -0.0093       -10332.4
         2         -0.009       -10921.8
         2        -0.0087       -11557.9
         2        -0.0084       -12246.9
         2        -0.0081       -12996.4
         2        -0.0078       -13815.9
         2        -0.0075       -14716.9
         2        -0.0072       -15714.6
         2        -0.0069       -16828.2
         2        -0.0066       -18083.9
         2        -0.0063       -19516.7
         2         -0.006       -21172.7
         2        -0.0057       -23095.4
         2        -0.0054         -25000
         2        -0.0051         -25000
         2        -0.0048         -25000
         2        -0.0045       -24958.6
         2        -0.0042         -24623
         2        -0.0039       -24314.4
         2        -0.0036       -24055.3
         2        -0.0033       -23846.1
         2         -0.003       -23682.3
         2        -0.0027         -23558
         2        -0.0024       -23467.2
         2        -0.0021       -23404.1
         2        -0.0018         -23363
         2        -0.0015       -23338.8
         2        -0.0012       -23326.3
         2        -0.0009       -23321.6
         2        -0.0006       -23320.9
         2        -0.0003       -23321.6
         2              0         -23322
         2         0.0003       -23321.9
         2         0.0006       -23321.4
         2         0.0009       -23321.9
         2         0.0012       -23326.3
         2         0.0015       -23338.5
         2         0.0018       -23362.7
         2         0.0021       -23403.8
         2         0.0024         -23467
         2         0.0027       -23557.7
         2          0.003         -23682
         2         0.0033       -23845.8
         2         0.0036         -24055
         2         0.0039       -24314.1
         2         0.0042       -24622.7
         2         0.0045       -24958.3
         2         0.0048         -25000
         2         0.0051         -25000
         2         0.0054         -25000
         2         0.0057       -23098.5
         2          0.006       -21175.1
         2         0.0063       -19519.1
         2         0.0066       -18086.4
         2         0.0069       -16830.9
         2         0.0072       -15717.4
         2         0.0075       -14719.9
         2         0.0078       -13819.1
         2         0.0081       -12999.9
         2         0.0084       -12250.6
         2         0.0087       -11561.9
         2          0.009       -10926.1
         2         0.0093         -10337
         2         0.0096       -9789.38
         2         0.0099       -9278.77
         2         0.0102       -8801.46
         2         0.0105       -8354.26
         2         0.0108       -7934.39
         2         0.0111       -7539.44
         2         0.0114        -7167.3
         2         0.0117       -6816.17
         2          0.012       -6484.38
         2         0.0123       -6170.49
         2         0.0126       -5873.23
         2         0.0129       -5591.45
         2         0.0132       -5324.11
         2         0.0135       -5070.29
         2         0.0138       -4829.15
         2         0.0141       -4599.92
         2         0.0144        -4381.9
         2         0.0147       -4174.47
         2          0.015       -3977.05
         2         0.0153       -3789.07
         2         0.0156       -3610.07
         2         0.0159       -3439.58
         2         0.0162       -3277.14
         2         0.0165       -3122.35
         2         0.0168        -2974.8
         2         0.0171       -2834.12
         2         0.0174       -2699.98
         2         0.0177       -2572.07
         2          0.018       -2450.03
         2         0.0183       -2333.57
         2         0.0186       -2222.38
         2         0.0189       -2116.18
         2         0.0192        -2014.7
         2         0.0195       -1917.65
         2         0.0198       -1824.76
         2         0.0201       -1735.79
         2         0.0204       -1650.59
         2         0.0207       -1568.97
         2          0.021       -1490.73
         2         0.0213       -1415.69
         2         0.0216       -1343.66
         2         0.0219       -1274.47
         2         0.0222       -1207.94
         2         0.0225       -1143.91
         2         0.0228       -1082.22
         2         0.0231       -1022.73
         2         0.0234       -965.293
         2         0.0237       -909.773
         2          0.024       -856.044
         2         0.0243       -803.987
         2         0.0246       -753.484
         2         0.0249        -704.43
         2         0.0252       -656.722
         2         0.0255       -610.262
         2         0.0258       -564.959
         2         0.0261       -520.727
         2         0.0264       -477.483
         2         0.0267       -435.152
         2          0.027       -393.658
         2         0.0273       -352.933
         2         0.0276        -312.91
         2         0.0279       -273.528
         2         0.0282       -234.726
         2         0.0285        -196.45
         2         0.0288       -158.644
         2         0.0291       -121.261
         2         0.0294       -84.2538
         2         0.0297       -47.5818
         2           0.03       -11.2124
         2         0.0303              0
         2         0.0306              0
         2         0.0309              0
         2         0.0312              0
         2         0.0315              0
         2         0.0318              0
         2         0.0321              0
         2         0.0324              0
         2         0.0327              0
         2          0.033              0
         2         0.0333              0
         2         0.0336              0
         2         0.0339              0
         2         0.0342              0
         2         0.0345              0
         2         0.0348              0
         2         0.0351              0
         2         0.0354              0
         2         0.0357              0
         2          0.036              0
         2         0.0363              0
         2         0.0366              0
         2         0.0369              0
         2         0.0372              0
         2         0.0375              0
         2         0.0378              0
         2         0.0381              0
         2         0.0384              0
         2         0.0387              0
         2          0.039              0
         2         0.0393              0
         2         0.0396              0
         2         0.0399              0
         2         0.0402              0
         2         0.0405              0
         2         0.0408              0
         2         0.0411              0
         2         0.0414              0
         2         0.0417              0
         2          0.042              0
         2         0.0423              0
         2         0.0426              0
         2         0.0429              0
         2         0.0432              0
         2         0.0435              0
         2         0.0438              0
         2         0.0441              0
         2         0.0444              0
         2         0.0447              0
         2          0.045              0
         2         0.0453              0
         2         0.0456              0
         2         0.0459              0
         2         0.0462              0
         2         0.0465              0
         2         0.0468              0
         2         0.0471              0
         2         0.0474              0
         2         0.0477              0
         3         -0.048              0
         3        -0.0477              0
         3        -0.0474              0
         3        -0.0471              0
         3        -0.0468              0
         3        -0.0465              0
         3        -0.0462              0
         3        -0.0459              0
         3        -0.0456              0
         3        -0.0453              0
         3         -0.045              0
         3        -0.0447              0
         3        -0.0444              0
         3        -0.0441              0
         3        -0.0438              0
         3        -0.0435              0
         3        -0.0432              0
         3        -0.0429              0
         3        -0.0426              0
         3        -0.0423              0
         3         -0.042              0
         3        -0.0417              0
         3        -0.0414              0
         3        -0.0411              0
         3        -0.0408              0
         3        -0.0405              0
         3        -0.0402              0
         3        -0.0399              0
         3        -0.0396              0
         3        -0.0393              0
         3         -0.039              0
         3        -0.0387              0
         3        -0.0384              0
         3        -0.0381              0
         3        -0.0378              0
         3        -0.0375              0
         3        -0.0372              0
         3        -0.0369              0
         3        -0.0366              0
         3        -0.0363              0
         3         -0.036              0
         3        -0.0357              0
         3        -0.0354              0
         3        -0.0351              0
         3        -0.0348              0
         3        -0.0345              0
         3        -0.0342              0
         3        -0.0339              0
         3        -0.0336              0
         3        -0.0333              0
         3         -0.033              0
         3        -0.0327              0
         3        -0.0324              0
         3        -0.0321              0
         3        -0.0318              0
         3        -0.0315              0
         3        -0.0312              0
         3        -0.0309              0
         3        -0.0306              0
         3        -0.0303              0
         3          -0.03       -11.9683
         3        -0.0297       -50.7366
         3        -0.0294       -89.7733
         3        -0.0291       -129.117
         3        -0.0288        -168.81
         3        -0.0285         -208.9
         3        -0.0282       -249.434
         3        -0.0279       -290.466
         3        -0.0276       -332.053
         3        -0.0273       -374.252
         3         -0.027       -417.128
         3        -0.0267       -460.743
         3        -0.0264       -505.168
         3        -0.0261       -550.475
         3        -0.0258       -596.741
         3        -0.0255        -644.05
         3        -0.0252       -692.487
         3        -0.0249       -742.145
         3        -0.0246       -793.118
         3        -0.0243       -845.511
         3         -0.024       -899.431
         3        -0.0237       -954.994
         3        -0.0234       -1012.32
         3        -0.0231       -1071.54
         3        -0.0228       -1132.79
         3        -0.0225        -1196.2
         3        -0.0222       -1261.94
         3        -0.0219       -1330.16
         3        -0.0216       -1401.01
         3        -0.0213       -1474.67
         3         -0.021       -1551.32
         3        -0.0207       -1631.14
         3        -0.0204        -1714.3
         3        -0.0201          -1801
         3        -0.0198       -1891.38
         3        -0.0195       -1985.58
         3        -0.0192       -2083.85
         3        -0.0189       -2186.46
         3        -0.0186       -2293.69
         3        -0.0183       -2405.86
         3         -0.018       -2523.22
         3        -0.0177       -2646.09
         3        -0.0174        -2774.8
         3        -0.0171       -2909.67
         3        -0.0168       -3051.01
         3        -0.0165       -3199.15
         3        -0.0162       -3354.53
         3        -0.0159       -3517.51
         3        -0.0156       -3688.52
         3        -0.0153          -3868
         3         -0.015        -4056.4
         3        -0.0147        -4254.2
         3        -0.0144       -4461.95
         3        -0.0141       -4680.23
         3        -0.0138       -4909.66
         3        -0.0135       -5150.92
         3        -0.0132       -5404.75
         3        -0.0129       -5672.02
         3        -0.0126       -5953.67
         3        -0.0123       -6250.71
         3         -0.012       -6564.25
         3        -0.0117       -6895.55
         3        -0.0114       -7246.07
         3        -0.0111       -7617.41
         3        -0.0108       -8011.44
         3        -0.0105       -8430.21
         3        -0.0102       -8876.09
         3        -0.0099       -9351.84
         3        -0.0096       -9860.67
         3        -0.0093       -10406.3
         3         -0.009       -10993.1
         3        -0.0087       -11626.2
         3        -0.0084         -12312
         3        -0.0081       -13057.9
         3        -0.0078       -13873.4
         3        -0.0075         -14770
         3        -0.0072       -15762.7
         3        -0.0069       -16870.7
         3        -0.0066         -18120
         3        -0.0063       -19545.4
         3         -0.006       -21192.7
         3        -0.0057       -23105.3
         3        -0.0054         -25000
         3        -0.0051         -25000
         3        -0.0048         -25000
         3        -0.0045       -24958.9
         3        -0.0042       -24626.3
         3        -0.0039       -24320.7
         3        -0.0036       -24064.3
         3        -0.0033       -23857.5
         3         -0.003         -23696
         3        -0.0027       -23573.8
         3        -0.0024       -23484.9
         3        -0.0021       -23423.5
         3        -0.0018       -23384.1
         3        -0.0015       -23361.4
         3        -0.0012       -23350.3
         3        -0.0009       -23346.7
         3        -0.0006       -23347.2
         3        -0.0003       -23348.2
         3              0       -23348.6
         3         0.0003       -23348.3
         3         0.0006       -23347.3
         3         0.0009       -23346.9
         3         0.0012       -23350.3
         3         0.0015       -23361.1
         3         0.0018       -23383.8
         3         0.0021       -23423.2
         3         0.0024       -23484.5
         3         0.0027       -23573.4
         3          0.003       -23695.6
         3         0.0033       -23857.2
         3         0.0036       -24063.9
         3         0.0039       -24320.4
         3         0.0042         -24626
         3         0.0045       -24958.7
         3         0.0048         -25000
         3         0.0051         -25000
         3         0.0054         -25000
         3         0.0057       -23108.4
         3          0.006       -21194.9
         3         0.0063       -19547.5
         3         0.0066       -18122.2
         3         0.0069         -16873
         3         0.0072       -15765.1
         3         0.0075       -14772.6
         3         0.0078       -13876.2
         3         0.0081       -13060.9
         3         0.0084       -12315.2
         3         0.0087       -11629.7
         3          0.009       -10996.8
         3         0.0093       -10410.3
         3         0.0096          -9865
         3         0.0099       -9356.52
         3         0.0102       -8881.15
         3         0.0105       -8435.71
         3         0.0108       -8017.43
         3         0.0111        -7623.9
         3         0.0114       -7253.04
         3         0.0117       -6903.02
         3          0.012       -6572.23
         3         0.0123       -6259.23
         3         0.0126       -5962.74
         3         0.0129       -5681.61
         3         0.0132       -5414.83
         3         0.0135       -5161.47
         3         0.0138        -4920.7
         3         0.0141       -4691.76
         3         0.0144       -4473.96
         3         0.0147       -4266.67
         3          0.015       -4069.27
         3         0.0153       -3881.24
         3         0.0156        -3702.1
         3         0.0159       -3531.38
         3         0.0162       -3368.63
         3         0.0165       -3213.45
         3         0.0168       -3065.38
         3         0.0171        -2924.1
         3         0.0174       -2789.27
         3         0.0177       -2660.54
         3          0.018       -2537.57
         3         0.0183       -2420.08
         3         0.0186       -2307.72
         3         0.0189       -2200.24
         3         0.0192       -2097.33
         3         0.0195       -1998.73
         3         0.0198       -1904.18
         3         0.0201       -1813.43
         3         0.0204       -1726.36
         3         0.0207        -1642.8
         3          0.021       -1562.57
         3         0.0213       -1485.49
         3         0.0216       -1411.37
         3         0.0219       -1340.06
         3         0.0222       -1271.38
         3         0.0225       -1205.18
         3         0.0228        -1141.3
         3         0.0231       -1079.58
         3         0.0234        -1019.9
         3         0.0237       -962.118
         3          0.024       -906.108
         3         0.0243       -851.749
         3         0.0246       -798.928
         3         0.0249       -747.538
         3         0.0252       -697.476
         3         0.0255       -648.646
         3         0.0258       -600.956
         3         0.0261       -554.318
         3         0.0264       -508.653
         3         0.0267       -463.882
         3          0.027       -419.932
         3         0.0273       -376.733
         3         0.0276        -334.22
         3         0.0279        -292.33
         3         0.0282       -251.005
         3         0.0285       -210.187
         3         0.0288       -169.825
         3         0.0291        -129.87
         3         0.0294       -90.2758
         3         0.0297       -51.0034
         3           0.03       -12.0228
         3         0.0303              0
         3         0.0306              0
         3         0.0309              0
         3         0.0312              0
         3         0.0315              0
         3         0.0318              0
         3         0.0321              0
         3         0.0324              0
         3         0.0327              0
         3          0.033              0
         3         0.0333              0
         3         0.0336              0
         3         0.0339              0
         3         0.0342              0
         3         0.0345              0
         3         0.0348              0
         3         0.0351              0
         3         0.0354              0
         3         0.0357              0
         3          0.036              0
         3         0.0363              0
         3         0.0366              0
         3         0.0369              0
         3         0.0372              0
         3         0.0375              0
         3         0.0378              0
         3         0.0381              0
         3         0.0384              0
         3         0.0387              0
         3          0.039              0
         3         0.0393              0
         3         0.0396              0
         3         0.0399              0
         3         0.0402              0
         3         0.0405              0
         3         0.0408              0
         3         0.0411              0
         3         0.0414              0
         3         0.0417              0
         3          0.042              0
         3         0.0423              0
         3         0.0426              0
         3         0.0429              0
         3         0.0432              0
         3         0.0435              0
         3         0.0438              0
         3         0.0441              0
         3         0.0444              0
         3         0.0447              0
         3          0.045              0
         3         0.0453              0
         3         0.0456              0
         3         0.0459              0
         3         0.0462              0
         3         0.0465              0
         3         0.0468              0
         3         0.0471              0
         3         0.0474              0
         3         0.0477              0
         4         -0.048              0
         4        -0.0477              0
         4        -0.0474              0
         4        -0.0471              0
         4        -0.0468              0
         4        -0.0465              0
         4        -0.0462              0
         4        -0.0459              0
         4        -0.0456              0
         4        -0.0453              0
         4         -0.045              0
         4        -0.0447              0
         4        -0.0444              0
         4        -0.0441              0
         4        -0.0438              0
         4        -0.0435              0
         4        -0.0432              0
         4        -0.0429              0
         4        -0.0426              0
         4        -0.0423              0
         4         -0.042              0
         4        -0.0417              0
         4        -0.0414              0
         4        -0.0411              0
         4        -0.0408              0
         4        -0.0405              0
         4        -0.0402              0
         4        -0.0399              0
         4        -0.0396              0
         4        -0.0393              0
         4         -0.039              0
         4        -0.0387              0
         4        -0.0384              0
         4        -0.0381              0
         4        -0.0378              0
         4        -0.0375              0
         4        -0.0372              0
         4        -0.0369              0
         4        -0.0366              0
         4        -0.0363              0
         4         -0.036              0
         4        -0.0357              0
         4        -0.0354              0
         4        -0.0351              0
         4        -0.0348              0
         4        -0.0345              0
         4        -0.0342              0
         4        -0.0339              0
         4        -0.0336              0
         4        -0.0333              0
         4         -0.033              0
         4        -0.0327              0
         4        -0.0324              0
         4        -0.0321              0
         4        -0.0318              0
         4        -0.0315              0
         4        -0.0312              0
         4        -0.0309              0
         4        -0.0306              0
         4        -0.0303              0
         4          -0.03        -12.524
         4        -0.0297       -53.0944
         4        -0.0294       -93.9323
         4        -0.0291       -135.072
         4        -0.0288       -176.553
         4        -0.0285        -218.42
         4        -0.0282       -260.724
         4        -0.0279       -303.516
         4        -0.0276       -346.852
         4        -0.0273       -390.792
         4         -0.027       -435.397
         4        -0.0267       -480.732
         4        -0.0264       -526.867
         4        -0.0261       -573.874
         4        -0.0258        -621.83
         4        -0.0255       -670.818
         4        -0.0252       -720.924
         4        -0.0249       -772.239
         4        -0.0246       -824.859
         4        -0.0243       -878.885
         4         -0.024       -934.428
         4        -0.0237       -991.602
         4        -0.0234       -1050.53
         4        -0.0231       -1111.33
         4        -0.0228       -1174.15
         4        -0.0225       -1239.12
         4        -0.0222        -1306.4
         4        -0.0219       -1376.14
         4        -0.0216       -1448.49
         4        -0.0213       -1523.63
         4         -0.021       -1601.73
         4        -0.0207       -1682.97
         4        -0.0204       -1767.51
         4        -0.0201       -1855.53
         4        -0.0198       -1947.15
         4        -0.0195       -2042.52
         4        -0.0192       -2141.87
         4        -0.0189       -2245.46
         4        -0.0186       -2353.62
         4        -0.0183       -2466.63
         4         -0.018       -2584.75
         4        -0.0177       -2708.26
         4        -0.0174       -2837.55
         4        -0.0171       -2972.96
         4        -0.0168       -3114.78
         4        -0.0165       -3263.34
         4        -0.0162       -3419.06
         4        -0.0159        -3582.3
         4        -0.0156       -3753.52
         4        -0.0153       -3933.17
         4         -0.015       -4121.67
         4        -0.0147       -4319.52
         4        -0.0144       -4527.25
         4        -0.0141       -4745.43
         4        -0.0138       -4974.73
         4        -0.0135       -5215.77
         4        -0.0132       -5469.34
         4        -0.0129       -5736.27
         4        -0.0126       -6017.51
         4        -0.0123       -6314.06
         4         -0.012       -6627.02
         4        -0.0117       -6957.65
         4        -0.0114        -7307.4
         4        -0.0111       -7677.87
         4        -0.0108       -8070.88
         4        -0.0105       -8488.53
         4        -0.0102       -8933.18
         4        -0.0099       -9407.56
         4        -0.0096       -9914.85
         4        -0.0093       -10458.8
         4         -0.009       -11043.7
         4        -0.0087       -11674.8
         4        -0.0084       -12358.3
         4        -0.0081       -13101.7
         4        -0.0078       -13914.3
         4        -0.0075       -14807.7
         4        -0.0072       -15796.8
         4        -0.0069       -16900.9
         4        -0.0066       -18145.6
         4        -0.0063       -19565.7
         4         -0.006         -21207
         4        -0.0057       -23112.4
         4        -0.0054         -25000
         4        -0.0051         -25000
         4        -0.0048         -25000
         4        -0.0045       -24959.2
         4        -0.0042       -24628.6
         4        -0.0039       -24325.1
         4        -0.0036       -24070.5
         4        -0.0033       -23865.4
         4         -0.003       -23705.4
         4        -0.0027       -23584.5
         4        -0.0024       -23496.8
         4        -0.0021       -23436.6
         4        -0.0018       -23398.2
         4        -0.0015       -23376.2
         4        -0.0012       -23365.8
         4        -0.0009       -23362.7
         4        -0.0006       -23363.3
         4        -0.0003       -23364.6
         4              0       -23364.9
         4         0.0003       -23364.4
         4         0.0006       -23363.3
         4         0.0009       -23362.8
         4         0.0012       -23365.7
         4         0.0015       -23375.9
         4         0.0018       -23397.8
         4         0.0021       -23436.2
         4         0.0024       -23496.5
         4         0.0027       -23584.2
         4          0.003       -23705.1
         4         0.0033       -23865.1
         4         0.0036       -24070.2
         4         0.0039       -24324.8
         4         0.0042       -24628.4
         4         0.0045       -24958.9
         4         0.0048         -25000
         4         0.0051         -25000
         4         0.0054         -25000
         4         0.0057       -23115.5
         4          0.006       -21209.2
         4         0.0063       -19567.9
         4         0.0066       -18147.9
         4         0.0069       -16903.3
         4         0.0072       -15799.4
         4         0.0075       -14810.5
         4         0.0078       -13917.3
         4         0.0081       -13104.9
         4         0.0084       -12361.8
         4         0.0087       -11678.6
         4          0.009       -11047.8
         4         0.0093       -10463.2
         4         0.0096       -9919.59
         4         0.0099       -9412.67
         4         0.0102       -8938.71
         4         0.0105       -8494.53
         4         0.0108       -8077.38
         4         0.0111       -7684.87
         4         0.0114        -7314.9
         4         0.0117       -6965.69
         4          0.012       -6635.61
         4         0.0123       -6323.22
         4         0.0126       -6027.27
         4         0.0129       -5746.62
         4         0.0132       -5480.24
         4         0.0135       -5227.22
         4         0.0138       -4986.73
         4         0.0141       -4757.99
         4         0.0144       -4540.31
         4         0.0147       -4333.07
         4          0.015       -4135.64
         4         0.0153       -3947.54
         4         0.0156       -3768.25
         4         0.0159        -3597.3
         4         0.0162       -3434.26
         4         0.0165       -3278.72
         4         0.0168       -3130.26
         4         0.0171       -2988.53
         4         0.0174       -2853.17
         4         0.0177       -2723.82
         4          0.018       -2600.13
         4         0.0183       -2481.85
         4         0.0186       -2368.63
         4         0.0189        -2260.2
         4         0.0192       -2156.26
         4         0.0195       -2056.53
         4         0.0198       -1960.75
         4         0.0201       -1868.71
         4         0.0204       -1780.29
         4         0.0207       -1695.32
         4          0.021       -1613.64
         4         0.0213       -1535.08
         4         0.0216       -1459.46
         4         0.0219       -1386.62
         4         0.0222       -1316.39
         4         0.0225       -1248.62
         4         0.0228       -1183.15
         4         0.0231       -1119.84
         4         0.0234       -1058.55
         4         0.0237       -999.144
         4          0.024         -941.5
         4         0.0243       -885.496
         4         0.0246        -831.02
         4         0.0249       -777.963
         4         0.0252       -726.226
         4         0.0255        -675.71
         4         0.0258       -626.323
         4         0.0261       -577.981
         4         0.0264         -530.6
         4         0.0267       -484.104
         4          0.027       -438.419
         4         0.0273       -393.476
         4         0.0276       -349.209
         4         0.0279       -305.554
         4         0.0282       -262.454
         4         0.0285       -219.852
         4         0.0288       -177.694
         4         0.0291       -135.931
         4         0.0294        -94.518
         4         0.0297       -53.4156
         4           0.03       -12.5942
         4         0.0303              0
         4         0.0306              0
         4         0.0309              0
         4         0.0312              0
         4         0.0315              0
         4         0.0318              0
         4         0.0321              0
         4         0.0324              0
         4         0.0327              0
         4          0.033              0
         4         0.0333              0
         4         0.0336              0
         4         0.0339              0
         4         0.0342              0
         4         0.0345              0
         4         0.0348              0
         4         0.0351              0
         4         0.0354              0
         4         0.0357              0
         4          0.036              0
         4         0.0363              0
         4         0.0366              0
         4         0.0369              0
         4         0.0372              0
         4         0.0375              0
         4         0.0378              0
         4         0.0381              0
         4         0.0384              0
         4         0.0387              0
         4          0.039              0
         4         0.0393              0
         4         0.0396              0
         4         0.0399              0
         4         0.0402              0
         4         0.0405              0
         4         0.0408              0
         4         0.0411              0
         4         0.0414              0
         4         0.0417              0
         4          0.042              0
         4         0.0423              0
         4         0.0426              0
         4         0.0429              0
         4         0.0432              0
         4         0.0435              0
         4         0.0438              0
         4         0.0441              0
         4         0.0444              0
         4         0.0447              0
         4          0.045              0
         4         0.0453              0
         4         0.0456              0
         4         0.0459              0
         4         0.0462              0
         4         0.0465              0
         4         0.0468              0
         4         0.0471              0
         4         0.0474              0
         4         0.0477              0
         5         -0.048              0
         5        -0.0477              0
         5        -0.0474              0
         5        -0.0471              0
         5        -0.0468              0
         5        -0.0465              0
         5        -0.0462              0
         5        -0.0459              0
         5        -0.0456              0
         5        -0.0453              0
         5         -0.045              0
         5        -0.0447              0
         5        -0.0444              0
         5        -0.0441              0
         5        -0.0438              0
         5        -0.0435              0
         5        -0.0432              0
         5        -0.0429              0
         5        -0.0426              0
         5        -0.0423              0
         5         -0.042              0
         5        -0.0417              0
         5        -0.0414              0
         5        -0.0411              0
         5        -0.0408              0
         5        -0.0405              0
         5        -0.0402              0
         5        -0.0399              0
         5        -0.0396              0
         5        -0.0393              0
         5         -0.039              0
         5        -0.0387              0
         5        -0.0384              0
         5        -0.0381              0
         5        -0.0378              0
         5        -0.0375              0
         5        -0.0372              0
         5        -0.0369              0
         5        -0.0366              0
         5        -0.0363              0
         5         -0.036              0
         5        -0.0357              0
         5        -0.0354              0
         5        -0.0351              0
         5        -0.0348              0
         5        -0.0345              0
         5        -0.0342              0
         5        -0.0339              0
         5        -0.0336              0
         5        -0.0333              0
         5         -0.033              0
         5        -0.0327              0
         5        -0.0324              0
         5        -0.0321              0
         5        -0.0318              0
         5        -0.0315              0
         5        -0.0312              0
         5        -0.0309              0
         5        -0.0306              0
         5        -0.0303              0
         5          -0.03       -12.9106
         5        -0.0297       -54.7298
         5        -0.0294       -96.8159
         5        -0.0291       -139.201
         5        -0.0288       -181.923
         5        -0.0285       -225.027
         5        -0.0282       -268.561
         5        -0.0279       -312.579
         5        -0.0276       -357.135
         5        -0.0273       -402.288
         5         -0.027       -448.101
         5        -0.0267       -494.639
         5        -0.0264       -541.971
         5        -0.0261       -590.169
         5        -0.0258        -639.31
         5        -0.0255       -689.477
         5        -0.0252       -740.755
         5        -0.0249       -793.236
         5        -0.0246       -847.014
         5        -0.0243       -902.193
         5         -0.024       -958.882
         5        -0.0237       -1017.19
         5        -0.0234       -1077.25
         5        -0.0231       -1139.18
         5        -0.0228       -1203.11
         5        -0.0225       -1269.19
         5        -0.0222       -1337.56
         5        -0.0219       -1408.38
         5        -0.0216       -1481.81
         5        -0.0213       -1558.02
         5         -0.021       -1637.16
         5        -0.0207       -1719.42
         5        -0.0204       -1804.97
         5        -0.0201       -1893.96
         5        -0.0198       -1986.52
         5        -0.0195       -2082.75
         5        -0.0192       -2182.88
         5        -0.0189        -2287.2
         5        -0.0186       -2396.03
         5        -0.0183       -2509.67
         5         -0.018       -2628.37
         5        -0.0177       -2752.41
         5        -0.0174        -2882.2
         5        -0.0171       -3018.05
         5        -0.0168       -3160.28
         5        -0.0165       -3309.19
         5        -0.0162       -3465.15
         5        -0.0159       -3628.61
         5        -0.0156       -3800.01
         5        -0.0153       -3979.77
         5         -0.015       -4168.36
         5        -0.0147       -4366.27
         5        -0.0144       -4574.02
         5        -0.0141       -4792.16
         5        -0.0138       -5021.33
         5        -0.0135       -5262.26
         5        -0.0132       -5515.66
         5        -0.0129       -5782.36
         5        -0.0126       -6063.29
         5        -0.0123       -6359.47
         5         -0.012          -6672
         5        -0.0117       -7002.15
         5        -0.0114       -7351.33
         5        -0.0111       -7721.16
         5        -0.0108       -8113.47
         5        -0.0105       -8530.34
         5        -0.0102       -8974.12
         5        -0.0099       -9447.52
         5        -0.0096       -9953.72
         5        -0.0093       -10496.4
         5         -0.009         -11080
         5        -0.0087       -11709.6
         5        -0.0084       -12391.5
         5        -0.0081       -13133.1
         5        -0.0078       -13943.7
         5        -0.0075       -14834.9
         5        -0.0072       -15821.4
         5        -0.0069       -16922.6
         5        -0.0066         -18164
         5        -0.0063       -19580.4
         5         -0.006       -21217.2
         5        -0.0057       -23117.5
         5        -0.0054         -25000
         5        -0.0051         -25000
         5        -0.0048         -25000
         5        -0.0045       -24959.4
         5        -0.0042       -24630.3
         5        -0.0039       -24328.3
         5        -0.0036         -24075
         5        -0.0033       -23871.2
         5         -0.003       -23712.3
         5        -0.0027       -23592.4
         5        -0.0024       -23505.7
         5        -0.0021       -23446.4
         5        -0.0018       -23408.9
         5        -0.0015       -23387.6
         5        -0.0012       -23377.6
         5        -0.0009       -23374.9
         5        -0.0006         -23376
         5        -0.0003       -23377.5
         5              0       -23378.3
         5         0.0003       -23377.9
         5         0.0006       -23376.6
         5         0.0009       -23375.7
         5         0.0012         -23378
         5         0.0015       -23387.5
         5         0.0018       -23408.7
         5         0.0021       -23446.3
         5         0.0024       -23505.7
         5         0.0027       -23592.4
         5          0.003       -23712.2
         5         0.0033       -23871.2
         5         0.0036         -24075
         5         0.0039       -24328.2
         5         0.0042       -24630.2
         5         0.0045       -24959.1
         5         0.0048         -25000
         5         0.0051         -25000
         5         0.0054         -25000
         5         0.0057       -23120.6
         5          0.006       -21219.5
         5         0.0063       -19582.6
         5         0.0066       -18166.4
         5         0.0069       -16925.1
         5         0.0072       -15824.1
         5         0.0075       -14837.7
         5         0.0078       -13946.7
         5         0.0081       -13136.4
         5         0.0084         -12395
         5         0.0087       -11713.4
         5          0.009       -11084.1
         5         0.0093       -10500.8
         5         0.0096       -9958.41
         5         0.0099       -9452.54
         5         0.0102       -8979.53
         5         0.0105        -8536.2
         5         0.0108       -8119.82
         5         0.0111       -7727.98
         5         0.0114       -7358.65
         5         0.0117          -7010
         5          0.012       -6680.41
         5         0.0123       -6368.45
         5         0.0126       -6072.86
         5         0.0129        -5792.5
         5         0.0132       -5526.37
         5         0.0135       -5273.55
         5         0.0138       -5033.19
         5         0.0141       -4804.54
         5         0.0144        -4586.9
         5         0.0147       -4379.63
         5          0.015       -4182.15
         5         0.0153       -3993.96
         5         0.0156       -3814.55
         5         0.0159       -3643.41
         5         0.0162       -3480.13
         5         0.0165       -3324.34
         5         0.0168       -3175.55
         5         0.0171       -3033.46
         5         0.0174        -2897.7
         5         0.0177        -2767.9
         5          0.018       -2643.73
         5         0.0183       -2524.92
         5         0.0186       -2411.12
         5         0.0189       -2302.06
         5         0.0192        -2197.4
         5         0.0195        -2096.9
         5         0.0198       -2000.32
         5         0.0201       -1907.38
         5         0.0204       -1817.99
         5         0.0207       -1732.02
         5          0.021       -1649.31
         5         0.0213       -1569.69
         5         0.0216          -1493
         5         0.0219       -1419.07
         5         0.0222       -1347.74
         5         0.0225       -1278.87
         5         0.0228       -1212.28
         5         0.0231       -1147.85
         5         0.0234       -1085.43
         5         0.0237       -1024.88
         5          0.024       -966.095
         5         0.0243       -908.941
         5         0.0246       -853.308
         5         0.0249       -799.088
         5         0.0252       -746.181
         5         0.0255       -694.489
         5         0.0258       -643.921
         5         0.0261        -594.39
         5         0.0264       -545.815
         5         0.0267       -498.118
         5          0.027       -451.226
         5         0.0273        -405.07
         5         0.0276       -359.583
         5         0.0279       -314.703
         5         0.0282       -270.371
         5         0.0285       -226.531
         5         0.0288       -183.128
         5         0.0291       -140.114
         5         0.0294       -97.4434
         5         0.0297       -55.0774
         5           0.03       -12.9877
         5         0.0303              0
         5         0.0306              0
         5         0.0309              0
         5         0.0312              0
         5         0.0315              0
         5         0.0318              0
         5         0.0321              0
         5         0.0324              0
         5         0.0327              0
         5          0.033              0
         5         0.0333              0
         5         0.0336              0
         5         0.0339              0
         5         0.0342              0
         5         0.0345              0
         5         0.0348              0
         5         0.0351              0
         5         0.0354              0
         5         0.0357              0
         5          0.036              0
         5         0.0363              0
         5         0.0366              0
         5         0.0369              0
         5         0.0372              0
         5         0.0375              0
         5         0.0378              0
         5         0.0381              0
         5         0.0384              0
         5         0.0387              0
         5          0.039              0
         5         0.0393              0
         5         0.0396              0
         5         0.0399              0
         5         0.0402              0
         5         0.0405              0
         5         0.0408              0
         5         0.0411              0
         5         0.0414              0
         5         0.0417              0
         5          0.042              0
         5         0.0423              0
         5         0.0426              0
         5         0.0429              0
         5         0.0432              0
         5         0.0435              0
         5         0.0438              0
         5         0.0441              0
         5         0.0444              0
         5         0.0447              0
         5          0.045              0
         5         0.0453              0
         5         0.0456              0
         5         0.0459              0
         5         0.0462              0
         5         0.0465              0
         5         0.0468              0
         5         0.0471              0
         5         0.0474              0
         5         0.0477              0
