# iteration    r (m)    potential (V)
         1        -0.0315              0
         1        -0.0312              0
         1        -0.0309              0
         1        -0.0306              0
         1        -0.0303              0
         1          -0.03              0
         1        -0.0297       -9.87818
         1        -0.0294        -30.219
         1        -0.0291       -50.8124
         1        -0.0288       -71.5876
         1        -0.0285       -92.5103
         1        -0.0282       -113.554
         1        -0.0279       -134.692
         1        -0.0276       -155.894
         1        -0.0273       -177.128
         1         -0.027       -198.352
         1        -0.0267       -219.521
         1        -0.0264        -240.58
         1        -0.0261       -261.463
         1        -0.0258       -282.091
         1        -0.0255       -302.371
         1        -0.0252       -322.189
         1        -0.0249       -341.406
         1        -0.0246       -359.856
         1        -0.0243       -377.333
         1         -0.024       -393.581
         1        -0.0237       -408.283
         1        -0.0234       -421.039
         1        -0.0231       -431.338
         1        -0.0228       -438.518
         1        -0.0225       -441.709
         1        -0.0222       -439.743
         1        -0.0219       -431.005
         1        -0.0216       -413.202
         1        -0.0213       -382.939
         1         -0.021       -334.934
         1        -0.0207       -260.439
         1        -0.0204        -143.74
         1        -0.0201              0
         1        -0.0198              0
         1        -0.0195              0
         1        -0.0192       -45.7277
         1        -0.0189       -456.155
         1        -0.0186       -772.689
         1        -0.0183       -1040.36
         1         -0.018       -1280.05
         1        -0.0177        -1502.8
         1        -0.0174       -1715.14
         1        -0.0171       -1921.27
         1        -0.0168        -2124.1
         1        -0.0165       -2325.77
         1        -0.0162       -2527.94
         1        -0.0159       -2731.95
         1        -0.0156       -2938.95
         1        -0.0153       -3149.96
         1         -0.015       -3365.91
         1        -0.0147       -3587.66
         1        -0.0144       -3816.07
         1        -0.0141       -4051.97
         1        -0.0138       -4296.21
         1        -0.0135       -4549.67
         1        -0.0132       -4813.25
         1        -0.0129       -5087.91
         1        -0.0126       -5374.67
         1        -0.0123       -5674.65
         1         -0.012       -5989.02
         1        -0.0117       -6319.11
         1        -0.0114       -6666.34
         1        -0.0111       -7032.32
         1        -0.0108       -7418.82
         1        -0.0105       -7827.83
         1        -0.0102       -8261.63
         1        -0.0099       -8722.78
         1        -0.0096       -9214.21
         1        -0.0093       -9739.34
         1         -0.009       -10302.1
         1        -0.0087       -10907.2
         1        -0.0084       -11560.1
         1        -0.0081       -12267.4
         1        -0.0078       -13037.3
         1        -0.0075       -13879.6
         1        -0.0072       -14806.9
         1        -0.0069       -15835.2
         1        -0.0066       -16985.6
         1        -0.0063         -18287
         1         -0.006       -19780.4
         1        -0.0057         -21529
         1        -0.0054       -23645.8
         1        -0.0051         -25000
         1        -0.0048         -25000
         1        -0.0045         -25000
         1        -0.0042       -24944.6
         1        -0.0039       -24580.4
         1        -0.0036         -24270
         1        -0.0033       -24013.3
         1         -0.003       -23806.9
         1        -0.0027       -23645.5
         1        -0.0024         -23523
         1        -0.0021       -23433.5
         1        -0.0018       -23370.8
         1        -0.0015       -23329.7
         1        -0.0012       -23304.8
         1        -0.0009       -23291.5
         1        -0.0006       -23285.7
         1        -0.0003         -23284
         1              0         -23284
         1         0.0003       -23284.2
         1         0.0006       -23284.2
         1         0.0009       -23284.8
         1         0.0012       -23287.7
         1         0.0015       -23295.8
         1         0.0018       -23312.6
         1         0.0021       -23342.5
         1         0.0024       -23390.3
         1         0.0027       -23461.3
         1          0.003       -23561.1
         1         0.0033       -23695.7
         1         0.0036       -23871.1
         1         0.0039       -24093.3
         1         0.0042         -24367
         1         0.0045       -24694.6
         1         0.0048         -25000
         1         0.0051         -25000
         1         0.0054         -25000
         1         0.0057         -25000
         1          0.006       -22909.5
         1         0.0063       -20933.1
         1         0.0066         -19279
         1         0.0069       -17856.5
         1         0.0072       -16611.2
         1         0.0075       -15506.5
         1         0.0078       -14516.3
         1         0.0081       -13621.3
         1         0.0084       -12806.8
         1         0.0087       -12061.1
         1          0.009       -11375.1
         1         0.0093         -10741
         1         0.0096       -10152.8
         1         0.0099       -9605.28
         1         0.0102       -9093.93
         1         0.0105       -8615.06
         1         0.0108       -8165.41
         1         0.0111       -7742.18
         1         0.0114        -7342.9
         1         0.0117       -6965.42
         1          0.012        -6607.8
         1         0.0123       -6268.32
         1         0.0126       -5945.45
         1         0.0129       -5637.79
         1         0.0132       -5344.05
         1         0.0135       -5063.07
         1         0.0138       -4793.76
         1         0.0141       -4535.12
         1         0.0144       -4286.19
         1         0.0147       -4046.04
         1          0.015       -3813.81
         1         0.0153       -3588.62
         1         0.0156       -3369.61
         1         0.0159       -3155.88
         1         0.0162        -2946.5
         1         0.0165       -2740.48
         1         0.0168       -2536.69
         1         0.0171       -2333.85
         1         0.0174       -2130.41
         1         0.0177       -1924.42
         1          0.018       -1713.36
         1         0.0183       -1493.67
         1         0.0186       -1260.15
         1         0.0189        -1004.5
         1         0.0192       -712.292
         1         0.0195       -355.387
         1         0.0198              0
         1         0.0201              0
         1         0.0204              0
         1         0.0207       -34.2334
         1          0.021       -239.538
         1         0.0213       -372.673
         1         0.0216       -463.414
         1         0.0219       -527.091
         1         0.0222       -572.379
         1         0.0225       -604.587
         1         0.0228       -627.171
         1         0.0231       -642.492
         1         0.0234       -652.224
         1         0.0237       -657.594
         1          0.024        -659.52
         1         0.0243       -658.705
         1         0.0246       -655.698
         1         0.0249        -650.93
         1         0.0252       -644.746
         1         0.0255       -637.423
         1         0.0258        -629.19
         1         0.0261       -620.231
         1         0.0264         -610.7
         1         0.0267       -600.723
         1          0.027       -590.406
         1         0.0273       -579.838
         1         0.0276       -569.092
         1         0.0279       -558.232
         1         0.0282        -547.31
         1         0.0285       -536.369
         1         0.0288       -525.449
         1         0.0291       -514.579
         1         0.0294       -503.787
         1         0.0297       -493.096
         1           0.03       -482.525
         1         0.0303       -472.089
         1         0.0306       -461.802
         1         0.0309       -451.675
         1         0.0312       -441.717
         1         0.0315       -431.937
         1         0.0318        -422.34
         1         0.0321       -412.932
         1         0.0324       -403.716
         1         0.0327       -394.696
         1          0.033       -385.874
         1         0.0333       -377.252
         1         0.0336       -368.831
         1         0.0339       -360.612
         1         0.0342       -352.595
         1         0.0345        -344.78
         1         0.0348       -337.167
         1         0.0351       -329.755
         1         0.0354       -322.543
         1         0.0357        -315.53
         1          0.036       -308.716
         1         0.0363       -302.099
         1         0.0366       -295.678
         1         0.0369        -289.45
         1         0.0372       -283.416
         1         0.0375       -277.573
         1         0.0378        -271.92
         1         0.0381       -266.455
         1         0.0384       -261.176
         1         0.0387       -256.083
         1          0.039       -251.173
         1         0.0393       -246.445
         1         0.0396       -241.897
         1         0.0399       -237.529
         1         0.0402       -233.338
         1         0.0405       -229.323
         1         0.0408       -225.483
         1         0.0411       -221.817
         1         0.0414       -218.322
         1         0.0417       -214.999
         1          0.042       -211.845
         1         0.0423        -208.86
         1         0.0426       -206.042
         1         0.0429       -203.391
         1         0.0432       -200.905
         1         0.0435       -198.584
         1         0.0438       -196.427
         1         0.0441       -194.433
         1         0.0444         -192.6
         1         0.0447        -190.93
         1          0.045        -189.42
         1         0.0453       -188.071
         1         0.0456       -186.882
         1         0.0459       -185.852
         1         0.0462       -184.981
         1         0.0465       -184.269
         1         0.0468       -183.715
         1         0.0471       -183.319
         1         0.0474       -183.082
         1         0.0477       -183.003
         2        -0.0315              0
         2        -0.0312              0
         2        -0.0309              0
         2        -0.0306              0
         2        -0.0303              0
         2          -0.03              0
         2        -0.0297       -11.5321
         2        -0.0294       -35.2016
         2        -0.0291       -59.0665
         2        -0.0288       -83.0462
         2        -0.0285       -107.102
         2        -0.0282       -131.207
         2        -0.0279       -155.329
         2        -0.0276       -179.432
         2        -0.0273       -203.476
         2         -0.027       -227.417
         2        -0.0267         -251.2
         2        -0.0264       -274.766
         2        -0.0261       -298.037
         2        -0.0258       -320.918
         2        -0.0255       -343.304
         2        -0.0252       -365.073
         2        -0.0249       -386.074
         2        -0.0246       -406.121
         2        -0.0243       -424.988
         2         -0.024       -442.388
         2        -0.0237       -457.969
         2        -0.0234       -471.277
         2        -0.0231       -481.752
         2        -0.0228       -488.698
         2        -0.0225       -491.173
         2        -0.0222       -487.904
         2        -0.0219       -477.141
         2        -0.0216       -456.392
         2        -0.0213       -421.974
         2         -0.021       -368.211
         2        -0.0207       -285.662
         2        -0.0204       -157.305
         2        -0.0201              0
         2        -0.0198              0
         2        -0.0195              0
         2        -0.0192       -48.1864
         2        -0.0189       -479.956
         2        -0.0186       -811.902
         2        -0.0183       -1091.61
         2         -0.018       -1341.12
         2        -0.0177       -1572.15
         2        -0.0174       -1791.59
         2        -0.0171       -2003.92
         2        -0.0168       -2212.19
         2        -0.0165       -2418.66
         2        -0.0162       -2625.06
         2        -0.0159       -2832.83
         2        -0.0156       -3043.14
         2        -0.0153       -3257.07
         2         -0.015       -3475.57
         2        -0.0147       -3699.53
         2        -0.0144       -3929.82
         2        -0.0141        -4167.3
         2        -0.0138       -4412.83
         2        -0.0135       -4667.28
         2        -0.0132        -4931.6
         2        -0.0129       -5206.74
         2        -0.0126       -5493.71
         2        -0.0123       -5793.66
         2         -0.012       -6107.75
         2        -0.0117       -6437.31
         2        -0.0114       -6783.76
         2        -0.0111       -7148.68
         2        -0.0108       -7533.86
         2        -0.0105       -7941.29
         2        -0.0102       -8373.23
         2        -0.0099       -8832.23
         2        -0.0096       -9321.21
         2        -0.0093       -9843.54
         2         -0.009       -10403.2
         2        -0.0087       -11004.7
         2        -0.0084       -11653.6
         2        -0.0081       -12356.6
         2        -0.0078       -13121.5
         2        -0.0075       -13958.2
         2        -0.0072       -14879.3
         2        -0.0069       -15900.5
         2        -0.0066         -17043
         2        -0.0063       -18335.2
         2         -0.006         -19818
         2        -0.0057         -21554
         2        -0.0054       -23655.6
         2        -0.0051         -25000
         2        -0.0048         -25000
         2        -0.0045         -25000
         2        -0.0042       -24945.3
         2        -0.0039       -24585.7
         2        -0.0036       -24279.5
         2        -0.0033       -24026.6
         2         -0.003       -23823.6
         2        -0.0027       -23665.4
         2        -0.0024       -23545.9
         2        -0.0021         -23459
         2        -0.0018         -23399
         2        -0.0015       -23360.3
         2        -0.0012       -23337.6
         2        -0.0009       -23326.2
         2        -0.0006       -23321.9
         2        -0.0003       -23321.4
         2              0         -23322
         2         0.0003       -23322.5
         2         0.0006       -23322.4
         2         0.0009         -23322
         2         0.0012       -23323.5
         2         0.0015       -23329.8
         2         0.0018       -23344.6
         2         0.0021       -23372.3
         2         0.0024       -23417.7
         2         0.0027       -23486.1
         2          0.003       -23583.2
         2         0.0033       -23714.8
         2         0.0036         -23887
         2         0.0039       -24105.6
         2         0.0042       -24375.4
         2         0.0045       -24698.5
         2         0.0048         -25000
         2         0.0051         -25000
         2         0.0054         -25000
         2         0.0057         -25000
         2          0.006       -22926.2
         2         0.0063       -20965.6
         2         0.0066       -19324.7
         2         0.0069       -17913.5
         2         0.0072         -16678
         2         0.0075       -15581.9
         2         0.0078       -14599.4
         2         0.0081       -13711.3
         2         0.0084       -12902.9
         2         0.0087       -12162.8
         2          0.009       -11481.7
         2         0.0093       -10852.3
         2         0.0096       -10268.2
         2         0.0099       -9724.38
         2         0.0102       -9216.41
         2         0.0105       -8740.56
         2         0.0108       -8293.63
         2         0.0111       -7872.82
         2         0.0114       -7475.67
         2         0.0117       -7100.04
         2          0.012          -6744
         2         0.0123       -6405.81
         2         0.0126       -6083.96
         2         0.0129       -5777.03
         2         0.0132       -5483.77
         2         0.0135       -5202.97
         2         0.0138       -4933.54
         2         0.0141       -4674.48
         2         0.0144       -4424.82
         2         0.0147       -4183.66
         2          0.015       -3950.06
         2         0.0153       -3723.14
         2         0.0156          -3502
         2         0.0159       -3285.71
         2         0.0162       -3073.33
         2         0.0165       -2863.79
         2         0.0168       -2655.91
         2         0.0171       -2448.33
         2         0.0174       -2239.37
         2         0.0177       -2026.97
         2          0.018       -1808.39
         2         0.0183       -1579.84
         2         0.0186       -1335.68
         2         0.0189       -1066.97
         2         0.0192       -758.182
         2         0.0195       -379.046
         2         0.0198              0
         2         0.0201              0
         2         0.0204              0
         2         0.0207        -38.886
         2          0.021       -273.099
         2         0.0213       -426.484
         2         0.0216       -532.412
         2         0.0219       -608.009
         2         0.0222       -662.937
         2         0.0225       -703.105
         2         0.0228       -732.348
         2         0.0231       -753.308
         2         0.0234       -767.852
         2         0.0237       -777.342
         2          0.024       -782.807
         2         0.0243       -785.041
         2         0.0246       -784.669
         2         0.0249       -782.173
         2         0.0252       -777.942
         2         0.0255       -772.291
         2         0.0258       -765.479
         2         0.0261       -757.723
         2         0.0264       -749.207
         2         0.0267       -740.076
         2          0.027       -730.444
         2         0.0273       -720.412
         2         0.0276       -710.077
         2         0.0279       -699.513
         2         0.0282       -688.783
         2         0.0285       -677.937
         2         0.0288       -667.023
         2         0.0291       -656.084
         2         0.0294       -645.152
         2         0.0297       -634.255
         2           0.03       -623.417
         2         0.0303       -612.665
         2         0.0306       -602.015
         2         0.0309       -591.483
         2         0.0312        -581.08
         2         0.0315       -570.817
         2         0.0318       -560.706
         2         0.0321       -550.756
         2         0.0324       -540.973
         2         0.0327       -531.365
         2          0.033       -521.936
         2         0.0333       -512.691
         2         0.0336       -503.631
         2         0.0339       -494.763
         2         0.0342       -486.087
         2         0.0345       -477.605
         2         0.0348        -469.32
         2         0.0351       -461.231
         2         0.0354        -453.34
         2         0.0357       -445.646
         2          0.036       -438.151
         2         0.0363       -430.855
         2         0.0366       -423.758
         2         0.0369       -416.859
         2         0.0372       -410.158
         2         0.0375       -403.654
         2         0.0378       -397.348
         2         0.0381        -391.24
         2         0.0384       -385.328
         2         0.0387       -379.611
         2          0.039        -374.09
         2         0.0393       -368.764
         2         0.0396       -363.631
         2         0.0399       -358.691
         2         0.0402       -353.942
         2         0.0405       -349.384
         2         0.0408       -345.017
         2         0.0411       -340.838
         2         0.0414       -336.847
         2         0.0417       -333.045
         2          0.042       -329.431
         2         0.0423       -326.003
         2         0.0426       -322.762
         2         0.0429       -319.707
         2         0.0432       -316.839
         2         0.0435       -314.158
         2         0.0438       -311.663
         2         0.0441       -309.354
         2         0.0444        -307.23
         2         0.0447       -305.291
         2          0.045       -303.536
         2         0.0453       -301.965
         2         0.0456       -300.576
         2         0.0459       -299.371
         2         0.0462        -298.35
         2         0.0465       -297.514
         2         0.0468       -296.863
         2         0.0471       -296.397
         2         0.0474       -296.116
         2         0.0477       -296.022
         3        -0.0315              0
         3        -0.0312              0
         3        -0.0309              0
         3        -0.0306              0
         3        -0.0303              0
         3          -0.03              0
         3        -0.0297       -12.7046
         3        -0.0294       -38.7309
         3        -0.0291        -64.914
         3        -0.0288       -91.1674
         3        -0.0285       -117.449
         3        -0.0282       -143.724
         3        -0.0279       -169.956
         3        -0.0276       -196.109
         3        -0.0273        -222.14
         3         -0.027       -248.001
         3        -0.0267       -273.634
         3        -0.0264       -298.969
         3        -0.0261       -323.927
         3        -0.0258       -348.407
         3        -0.0255       -372.291
         3        -0.0252       -395.439
         3        -0.0249       -417.691
         3        -0.0246       -438.856
         3        -0.0243       -458.691
         3         -0.024       -476.886
         3        -0.0237       -493.059
         3        -0.0234       -506.735
         3        -0.0231       -517.339
         3        -0.0228       -524.122
         3        -0.0225       -526.072
         3        -0.0222       -521.855
         3        -0.0219       -509.641
         3        -0.0216       -486.792
         3        -0.0213       -449.438
         3         -0.021       -391.602
         3        -0.0207       -303.367
         3        -0.0204       -166.822
         3        -0.0201              0
         3        -0.0198              0
         3        -0.0195              0
         3        -0.0192       -49.9054
         3        -0.0189       -496.619
         3        -0.0186       -839.363
         3        -0.0183       -1127.49
         3         -0.018       -1383.88
         3        -0.0177       -1620.73
         3        -0.0174       -1845.19
         3        -0.0171       -2061.89
         3        -0.0168          -2274
         3        -0.0165       -2483.86
         3        -0.0162       -2693.28
         3        -0.0159       -2903.72
         3        -0.0156       -3116.41
         3        -0.0153       -3332.43
         3         -0.015       -3552.73
         3        -0.0147       -3778.25
         3        -0.0144       -4009.86
         3        -0.0141       -4248.45
         3        -0.0138       -4494.89
         3        -0.0135       -4750.06
         3        -0.0132       -5014.91
         3        -0.0129        -5290.4
         3        -0.0126       -5577.52
         3        -0.0123       -5877.42
         3         -0.012       -6191.29
         3        -0.0117       -6520.42
         3        -0.0114       -6866.28
         3        -0.0111       -7230.43
         3        -0.0108       -7614.68
         3        -0.0105          -8021
         3        -0.0102       -8451.59
         3        -0.0099       -8909.04
         3        -0.0096       -9396.26
         3        -0.0093       -9916.62
         3         -0.009         -10474
         3        -0.0087       -11073.1
         3        -0.0084       -11719.2
         3        -0.0081         -12419
         3        -0.0078       -13180.4
         3        -0.0075       -14013.3
         3        -0.0072         -14930
         3        -0.0069       -15946.3
         3        -0.0066       -17083.1
         3        -0.0063         -18369
         3         -0.006       -19844.3
         3        -0.0057       -21571.6
         3        -0.0054       -23662.4
         3        -0.0051         -25000
         3        -0.0048         -25000
         3        -0.0045         -25000
         3        -0.0042       -24945.8
         3        -0.0039       -24589.4
         3        -0.0036       -24286.1
         3        -0.0033       -24035.8
         3         -0.003       -23835.3
         3        -0.0027       -23679.3
         3        -0.0024       -23561.8
         3        -0.0021       -23476.8
         3        -0.0018       -23418.6
         3        -0.0015       -23381.5
         3        -0.0012       -23360.3
         3        -0.0009       -23350.2
         3        -0.0006         -23347
         3        -0.0003       -23347.4
         3              0       -23348.6
         3         0.0003       -23349.3
         3         0.0006       -23348.9
         3         0.0009       -23348.2
         3         0.0012       -23348.5
         3         0.0015       -23353.5
         3         0.0018       -23367.1
         3         0.0021       -23393.2
         3         0.0024       -23436.9
         3         0.0027       -23503.6
         3          0.003       -23598.8
         3         0.0033       -23728.3
         3         0.0036       -23898.2
         3         0.0039       -24114.3
         3         0.0042       -24381.2
         3         0.0045       -24701.3
         3         0.0048         -25000
         3         0.0051         -25000
         3         0.0054         -25000
         3         0.0057         -25000
         3          0.006       -22937.9
         3         0.0063       -20988.3
         3         0.0066       -19356.5
         3         0.0069       -17953.2
         3         0.0072       -16724.6
         3         0.0075       -15634.5
         3         0.0078       -14657.3
         3         0.0081         -13774
         3         0.0084       -12969.9
         3         0.0087       -12233.7
         3          0.009       -11556.1
         3         0.0093       -10929.8
         3         0.0096       -10348.6
         3         0.0099       -9807.33
         3         0.0102        -9301.7
         3         0.0105       -8827.97
         3         0.0108       -8382.94
         3         0.0111       -7963.83
         3         0.0114       -7568.15
         3         0.0117        -7193.8
         3          0.012       -6838.84
         3         0.0123       -6501.55
         3         0.0126       -6180.42
         3         0.0129       -5874.02
         3         0.0132       -5581.08
         3         0.0135        -5300.4
         3         0.0138       -5030.93
         3         0.0141       -4771.62
         3         0.0144        -4521.5
         3         0.0147       -4279.64
         3          0.015       -4045.07
         3         0.0153       -3816.93
         3         0.0156        -3594.3
         3         0.0159       -3376.25
         3         0.0162       -3161.77
         3         0.0165       -2949.78
         3         0.0168       -2739.07
         3         0.0171       -2528.19
         3         0.0174       -2315.42
         3         0.0177       -2098.54
         3          0.018       -1874.71
         3         0.0183       -1639.96
         3         0.0186       -1388.38
         3         0.0189       -1110.56
         3         0.0192       -790.187
         3         0.0195       -395.536
         3         0.0198              0
         3         0.0201              0
         3         0.0204              0
         3         0.0207       -42.1606
         3          0.021       -296.698
         3         0.0213       -464.264
         3         0.0216       -580.846
         3         0.0219       -664.772
         3         0.0222       -726.432
         3         0.0225       -772.163
         3         0.0228       -806.092
         3         0.0231       -831.011
         3         0.0234       -848.931
         3         0.0237       -861.328
         3          0.024       -869.291
         3         0.0243       -873.677
         3         0.0246       -875.162
         3         0.0249       -874.274
         3         0.0252        -871.43
         3         0.0255       -866.968
         3         0.0258       -861.173
         3         0.0261       -854.286
         3         0.0264       -846.501
         3         0.0267       -837.971
         3          0.027       -828.822
         3         0.0273       -819.171
         3         0.0276       -809.128
         3         0.0279       -798.781
         3         0.0282       -788.201
         3         0.0285       -777.445
         3         0.0288       -766.564
         3         0.0291       -755.599
         3         0.0294       -744.582
         3         0.0297       -733.547
         3           0.03       -722.533
         3         0.0303       -711.569
         3         0.0306       -700.675
         3         0.0309        -689.87
         3         0.0312        -679.17
         3         0.0315       -668.586
         3         0.0318       -658.132
         3         0.0321       -647.817
         3         0.0324       -637.652
         3         0.0327       -627.645
         3          0.033       -617.804
         3         0.0333       -608.135
         3         0.0336       -598.643
         3         0.0339       -589.333
         3         0.0342       -580.209
         3         0.0345       -571.273
         3         0.0348       -562.528
         3         0.0351       -553.976
         3         0.0354       -545.619
         3         0.0357       -537.458
         3          0.036       -529.497
         3         0.0363       -521.737
         3         0.0366       -514.179
         3         0.0369       -506.823
         3         0.0372       -499.667
         3         0.0375       -492.716
         3         0.0378       -485.967
         3         0.0381       -479.423
         3         0.0384        -473.08
         3         0.0387        -466.94
         3          0.039       -461.001
         3         0.0393       -455.265
         3         0.0396       -449.731
         3         0.0399       -444.397
         3         0.0402       -439.263
         3         0.0405       -434.329
         3         0.0408       -429.596
         3         0.0411       -425.063
         3         0.0414       -420.732
         3         0.0417       -416.601
         3          0.042       -412.671
         3         0.0423       -408.941
         3         0.0426        -405.41
         3         0.0429       -402.079
         3         0.0432        -398.95
         3         0.0435       -396.022
         3         0.0438       -393.296
         3         0.0441       -390.772
         3         0.0444       -388.451
         3         0.0447       -386.331
         3          0.045       -384.413
         3         0.0453       -382.695
         3         0.0456       -381.178
         3         0.0459       -379.862
         3         0.0462       -378.748
         3         0.0465       -377.835
         3         0.0468       -377.124
         3         0.0471       -376.616
         3         0.0474        -376.31
         3         0.0477       -376.207
         4        -0.0315              0
         4        -0.0312              0
         4        -0.0309              0
         4        -0.0306              0
         4        -0.0303              0
         4          -0.03              0
         4        -0.0297       -13.5271
         4        -0.0294       -41.2006
         4        -0.0291        -68.994
         4        -0.0288       -96.8214
         4        -0.0285        -124.64
         4        -0.0282       -152.414
         4        -0.0279       -180.104
         4        -0.0276       -207.675
         4        -0.0273       -235.084
         4         -0.027        -262.28
         4        -0.0267       -289.197
         4        -0.0264       -315.764
         4        -0.0261       -341.894
         4        -0.0258       -367.481
         4        -0.0255       -392.399
         4        -0.0252       -416.501
         4        -0.0249       -439.627
         4        -0.0246       -461.575
         4        -0.0243       -482.084
         4         -0.024       -500.838
         4        -0.0237       -517.444
         4        -0.0234       -531.418
         4        -0.0231       -542.154
         4        -0.0228       -548.852
         4        -0.0225       -550.455
         4        -0.0222        -545.58
         4        -0.0219       -532.343
         4        -0.0216       -508.045
         4        -0.0213       -468.679
         4         -0.021       -408.038
         4        -0.0207       -315.832
         4        -0.0204        -173.53
         4        -0.0201              0
         4        -0.0198              0
         4        -0.0195              0
         4        -0.0192       -51.1163
         4        -0.0189       -508.348
         4        -0.0186       -858.684
         4        -0.0183       -1152.73
         4         -0.018       -1413.97
         4        -0.0177       -1654.89
         4        -0.0174       -1882.86
         4        -0.0171       -2102.61
         4        -0.0168        -2317.4
         4        -0.0165       -2529.63
         4        -0.0162       -2741.13
         4        -0.0159       -2953.44
         4        -0.0156        -3167.8
         4        -0.0153       -3385.29
         4         -0.015       -3606.92
         4        -0.0147        -3833.6
         4        -0.0144       -4066.19
         4        -0.0141        -4305.6
         4        -0.0138       -4552.71
         4        -0.0135       -4808.41
         4        -0.0132       -5073.65
         4        -0.0129       -5349.41
         4        -0.0126       -5636.67
         4        -0.0123        -5936.6
         4         -0.012       -6250.36
         4        -0.0117       -6579.27
         4        -0.0114       -6924.77
         4        -0.0111       -7288.45
         4        -0.0108       -7672.07
         4        -0.0105       -8077.62
         4        -0.0102        -8507.3
         4        -0.0099       -8963.71
         4        -0.0096       -9449.71
         4        -0.0093       -9968.69
         4         -0.009       -10524.5
         4        -0.0087       -11121.8
         4        -0.0084         -11766
         4        -0.0081       -12463.6
         4        -0.0078       -13222.5
         4        -0.0075       -14052.6
         4        -0.0072       -14966.1
         4        -0.0069         -15979
         4        -0.0066       -17111.8
         4        -0.0063       -18393.1
         4         -0.006       -19863.1
         4        -0.0057       -21584.1
         4        -0.0054       -23667.3
         4        -0.0051         -25000
         4        -0.0048         -25000
         4        -0.0045         -25000
         4        -0.0042       -24946.1
         4        -0.0039         -24592
         4        -0.0036       -24290.7
         4        -0.0033       -24042.3
         4         -0.003       -23843.4
         4        -0.0027       -23688.9
         4        -0.0024       -23572.7
         4        -0.0021       -23488.9
         4        -0.0018       -23431.7
         4        -0.0015       -23395.7
         4        -0.0012       -23375.3
         4        -0.0009       -23365.8
         4        -0.0006         -23363
         4        -0.0003       -23363.6
         4              0       -23364.9
         4         0.0003       -23365.6
         4         0.0006       -23364.9
         4         0.0009       -23363.9
         4         0.0012       -23363.8
         4         0.0015       -23368.5
         4         0.0018       -23381.5
         4         0.0021       -23406.9
         4         0.0024       -23449.7
         4         0.0027       -23515.2
         4          0.003       -23609.2
         4         0.0033       -23737.4
         4         0.0036       -23905.8
         4         0.0039       -24120.1
         4         0.0042       -24385.2
         4         0.0045       -24703.2
         4         0.0048         -25000
         4         0.0051         -25000
         4         0.0054         -25000
         4         0.0057         -25000
         4          0.006       -22946.1
         4         0.0063       -21004.2
         4         0.0066       -19378.9
         4         0.0069       -17981.1
         4         0.0072       -16757.2
         4         0.0075       -15671.4
         4         0.0078         -14698
         4         0.0081         -13818
         4         0.0084       -13016.9
         4         0.0087       -12283.4
         4          0.009       -11608.3
         4         0.0093       -10984.3
         4         0.0096       -10405.1
         4         0.0099       -9865.68
         4         0.0102       -9361.68
         4         0.0105       -8889.43
         4         0.0108       -8445.72
         4         0.0111       -8027.77
         4         0.0114       -7633.13
         4         0.0117       -7259.67
         4          0.012       -6905.47
         4         0.0123       -6568.81
         4         0.0126       -6248.16
         4         0.0129       -5942.13
         4         0.0132       -5649.41
         4         0.0135       -5368.83
         4         0.0138       -5099.32
         4         0.0141        -4839.8
         4         0.0144       -4589.31
         4         0.0147       -4346.93
         4          0.015       -4111.67
         4         0.0153       -3882.68
         4         0.0156       -3659.01
         4         0.0159        -3439.7
         4         0.0162       -3223.73
         4         0.0165       -3009.99
         4         0.0168       -2797.25
         4         0.0171       -2584.04
         4         0.0174       -2368.57
         4         0.0177       -2148.57
         4          0.018       -1921.08
         4         0.0183       -1682.01
         4         0.0186       -1425.23
         4         0.0189       -1141.03
         4         0.0192       -812.554
         4         0.0195       -407.056
         4         0.0198              0
         4         0.0201              0
         4         0.0204              0
         4         0.0207       -44.4174
         4          0.021       -312.957
         4         0.0213       -490.325
         4         0.0216       -614.242
         4         0.0219         -703.9
         4         0.0222       -770.167
         4         0.0225       -819.706
         4         0.0228       -856.833
         4         0.0231       -884.463
         4         0.0234       -904.686
         4         0.0237       -919.047
         4          0.024       -928.696
         4         0.0243       -934.534
         4         0.0246       -937.267
         4         0.0249       -937.451
         4         0.0252       -935.517
         4         0.0255       -931.819
         4         0.0258       -926.663
         4         0.0261       -920.308
         4         0.0264       -912.956
         4         0.0267       -904.769
         4          0.027       -895.888
         4         0.0273        -886.44
         4         0.0276       -876.542
         4         0.0279       -866.289
         4         0.0282       -855.752
         4         0.0285       -844.988
         4         0.0288       -834.053
         4         0.0291       -822.995
         4         0.0294       -811.858
         4         0.0297       -800.678
         4           0.03       -789.492
         4         0.0303       -778.331
         4         0.0306       -767.217
         4         0.0309        -756.17
         4         0.0312       -745.207
         4         0.0315       -734.342
         4         0.0318       -723.591
         4         0.0321       -712.965
         4         0.0324       -702.478
         4         0.0327        -692.14
         4          0.033        -681.96
         4         0.0333       -671.948
         4         0.0336       -662.108
         4         0.0339       -652.446
         4         0.0342       -642.962
         4         0.0345       -633.662
         4         0.0348       -624.552
         4         0.0351       -615.634
         4         0.0354       -606.912
         4         0.0357       -598.387
         4          0.036        -590.06
         4         0.0363       -581.934
         4         0.0366       -574.012
         4         0.0369       -566.294
         4         0.0372        -558.78
         4         0.0375       -551.472
         4         0.0378       -544.373
         4         0.0381       -537.483
         4         0.0384         -530.8
         4         0.0387       -524.326
         4          0.039       -518.061
         4         0.0393       -512.005
         4         0.0396       -506.157
         4         0.0399       -500.518
         4         0.0402       -495.086
         4         0.0405       -489.864
         4         0.0408        -484.85
         4         0.0411       -480.047
         4         0.0414       -475.453
         4         0.0417       -471.068
         4          0.042       -466.895
         4         0.0423       -462.931
         4         0.0426       -459.178
         4         0.0429       -455.635
         4         0.0432       -452.304
         4         0.0435       -449.185
         4         0.0438       -446.278
         4         0.0441       -443.585
         4         0.0444       -441.106
         4         0.0447        -438.84
         4          0.045       -436.788
         4         0.0453       -434.949
         4         0.0456       -433.323
         4         0.0459       -431.912
         4         0.0462       -430.716
         4         0.0465       -429.736
         4         0.0468       -428.971
         4         0.0471       -428.424
         4         0.0474       -428.095
         4         0.0477       -427.985
         5        -0.0315              0
         5        -0.0312              0
         5        -0.0309              0
         5        -0.0306              0
         5        -0.0303              0
         5          -0.03              0
         5        -0.0297       -14.0637
         5        -0.0294       -42.8203
         5        -0.0291       -71.6802
         5        -0.0288       -100.554
         5        -0.0285       -129.397
         5        -0.0282       -158.171
         5        -0.0279       -186.839
         5        -0.0276       -215.359
         5        -0.0273       -243.689
         5         -0.027       -271.774
         5        -0.0267       -299.549
         5        -0.0264       -326.939
         5        -0.0261       -353.852
         5        -0.0258       -380.179
         5        -0.0255       -405.791
         5        -0.0252       -430.537
         5        -0.0249       -454.253
         5        -0.0246       -476.731
         5        -0.0243       -497.706
         5         -0.024       -516.853
         5        -0.0237       -533.768
         5        -0.0234       -547.956
         5        -0.0231       -558.797
         5        -0.0228       -565.466
         5        -0.0225       -566.876
         5        -0.0222       -561.602
         5        -0.0219       -547.708
         5        -0.0216       -522.436
         5        -0.0213       -481.691
         5         -0.021       -419.142
         5        -0.0207       -324.265
         5        -0.0204       -178.077
         5        -0.0201              0
         5        -0.0198              0
         5        -0.0195              0
         5        -0.0192       -51.9636
         5        -0.0189       -516.584
         5        -0.0186       -872.274
         5        -0.0183        -1170.5
         5         -0.018       -1435.15
         5        -0.0177       -1678.95
         5        -0.0174        -1909.4
         5        -0.0171       -2131.34
         5        -0.0168       -2348.08
         5        -0.0165       -2562.01
         5        -0.0162       -2775.02
         5        -0.0159       -2988.66
         5        -0.0156        -3204.2
         5        -0.0153       -3422.74
         5         -0.015       -3645.28
         5        -0.0147       -3872.78
         5        -0.0144       -4106.07
         5        -0.0141       -4346.08
         5        -0.0138       -4593.67
         5        -0.0135       -4849.74
         5        -0.0132       -5115.26
         5        -0.0129        -5391.2
         5        -0.0126       -5678.59
         5        -0.0123       -5978.51
         5         -0.012        -6292.2
         5        -0.0117       -6620.95
         5        -0.0114        -6966.2
         5        -0.0111       -7329.54
         5        -0.0108       -7712.72
         5        -0.0105       -8117.74
         5        -0.0102       -8546.83
         5        -0.0099       -9002.52
         5        -0.0096       -9487.69
         5        -0.0093       -10005.7
         5         -0.009       -10560.5
         5        -0.0087       -11156.5
         5        -0.0084       -11799.3
         5        -0.0081       -12495.3
         5        -0.0078       -13252.5
         5        -0.0075       -14080.7
         5        -0.0072         -14992
         5        -0.0069       -16002.3
         5        -0.0066       -17132.3
         5        -0.0063       -18410.3
         5         -0.006       -19876.6
         5        -0.0057       -21593.1
         5        -0.0054       -23670.8
         5        -0.0051         -25000
         5        -0.0048         -25000
         5        -0.0045         -25000
         5        -0.0042       -24946.4
         5        -0.0039         -24594
         5        -0.0036       -24294.2
         5        -0.0033       -24047.2
         5         -0.003       -23849.6
         5        -0.0027       -23696.3
         5        -0.0024       -23581.2
         5        -0.0021       -23498.4
         5        -0.0018       -23442.1
         5        -0.0015       -23406.9
         5        -0.0012       -23387.3
         5        -0.0009       -23378.6
         5        -0.0006       -23376.6
         5        -0.0003       -23377.3
         5              0       -23378.3
         5         0.0003       -23378.6
         5         0.0006       -23377.7
         5         0.0009       -23376.3
         5         0.0012         -23376
         5         0.0015       -23380.2
         5         0.0018       -23392.6
         5         0.0021       -23417.4
         5         0.0024       -23459.4
         5         0.0027       -23524.1
         5          0.003       -23617.2
         5         0.0033       -23744.3
         5         0.0036       -23911.6
         5         0.0039       -24124.6
         5         0.0042       -24388.3
         5         0.0045       -24704.6
         5         0.0048         -25000
         5         0.0051         -25000
         5         0.0054         -25000
         5         0.0057         -25000
         5          0.006         -22952
         5         0.0063       -21015.6
         5         0.0066       -19394.9
         5         0.0069         -18001
         5         0.0072       -16780.6
         5         0.0075       -15697.8
         5         0.0078       -14727.1
         5         0.0081       -13849.5
         5         0.0084       -13050.6
         5         0.0087         -12319
         5          0.009       -11645.6
         5         0.0093       -11023.1
         5         0.0096       -10445.3
         5         0.0099       -9907.17
         5         0.0102        -9404.3
         5         0.0105       -8933.04
         5         0.0108        -8490.2
         5         0.0111       -8073.03
         5         0.0114       -7679.07
         5         0.0117        -7306.2
         5          0.012       -6952.47
         5         0.0123        -6616.2
         5         0.0126       -6295.85
         5         0.0129       -5990.04
         5         0.0132       -5697.45
         5         0.0135       -5416.91
         5         0.0138       -5147.33
         5         0.0141       -4887.66
         5         0.0144       -4636.92
         5         0.0147       -4394.17
         5          0.015       -4158.43
         5         0.0153       -3928.84
         5         0.0156       -3704.46
         5         0.0159       -3484.31
         5         0.0162       -3267.32
         5         0.0165       -3052.39
         5         0.0168       -2838.26
         5         0.0171       -2623.39
         5         0.0174       -2406.01
         5         0.0177       -2183.79
         5          0.018       -1953.72
         5         0.0183       -1711.59
         5         0.0186       -1451.15
         5         0.0189       -1162.46
         5         0.0192       -828.288
         5         0.0195       -415.153
         5         0.0198              0
         5         0.0201              0
         5         0.0204              0
         5         0.0207       -46.0056
         5          0.021       -324.405
         5         0.0213       -508.676
         5         0.0216       -637.749
         5         0.0219       -731.462
         5         0.0222       -801.021
         5         0.0225       -853.249
         5         0.0228       -892.613
         5         0.0231       -922.137
         5         0.0234       -943.978
         5         0.0237       -959.724
         5          0.024       -970.552
         5         0.0243       -977.398
         5         0.0246       -980.998
         5         0.0249       -981.921
         5         0.0252       -980.622
         5         0.0255       -977.474
         5         0.0258        -972.79
         5         0.0261       -966.833
         5         0.0264       -959.815
         5         0.0267       -951.908
         5          0.027       -943.252
         5         0.0273       -933.974
         5         0.0276       -924.196
         5         0.0279       -914.016
         5         0.0282       -903.514
         5         0.0285       -892.754
         5         0.0288       -881.795
         5         0.0291       -870.687
         5         0.0294       -859.482
         5         0.0297       -848.219
         5           0.03       -836.935
         5         0.0303       -825.659
         5         0.0306       -814.415
         5         0.0309       -803.219
         5         0.0312       -792.089
         5         0.0315       -781.047
         5         0.0318       -770.111
         5         0.0321       -759.295
         5         0.0324       -748.613
         5         0.0327       -738.075
         5          0.033       -727.691
         5         0.0333       -717.469
         5         0.0336       -707.413
         5         0.0339       -697.529
         5         0.0342       -687.821
         5         0.0345       -678.294
         5         0.0348       -668.953
         5         0.0351       -659.803
         5         0.0354       -650.847
         5         0.0357       -642.087
         5          0.036       -633.528
         5         0.0363        -625.17
         5         0.0366       -617.015
         5         0.0369       -609.065
         5         0.0372       -601.321
         5         0.0375       -593.785
         5         0.0378       -586.458
         5         0.0381       -579.342
         5         0.0384       -572.438
         5         0.0387       -565.745
         5          0.039       -559.266
         5         0.0393           -553
         5         0.0396       -546.948
         5         0.0399        -541.11
         5         0.0402       -535.485
         5         0.0405       -530.076
         5         0.0408       -524.883
         5         0.0411       -519.905
         5         0.0414       -515.141
         5         0.0417       -510.593
         5          0.042       -506.261
         5         0.0423       -502.145
         5         0.0426       -498.246
         5         0.0429       -494.564
         5         0.0432       -491.101
         5         0.0435       -487.858
         5         0.0438       -484.834
         5         0.0441       -482.032
         5         0.0444       -479.452
         5         0.0447       -477.093
         5          0.045       -474.955
         5         0.0453       -473.039
         5         0.0456       -471.346
         5         0.0459       -469.876
         5         0.0462        -468.63
         5         0.0465       -467.608
         5         0.0468       -466.812
         5         0.0471       -466.242
         5         0.0474       -465.898
         5         0.0477       -465.783
