# iteration    r (m)    potential (V)
         1         -0.048              0
         1        -0.0477              0
         1        -0.0474              0
         1        -0.0471              0
         1        -0.0468              0
         1        -0.0465              0
         1        -0.0462              0
         1        -0.0459              0
         1        -0.0456              0
         1        -0.0453              0
         1         -0.045              0
         1        -0.0447              0
         1        -0.0444              0
         1        -0.0441              0
         1        -0.0438              0
         1        -0.0435              0
         1        -0.0432              0
         1        -0.0429              0
         1        -0.0426              0
         1        -0.0423              0
         1         -0.042              0
         1        -0.0417              0
         1        -0.0414              0
         1        -0.0411              0
         1        -0.0408              0
         1        -0.0405              0
         1        -0.0402              0
         1        -0.0399              0
         1        -0.0396              0
         1        -0.0393              0
         1         -0.039              0
         1        -0.0387              0
         1        -0.0384              0
         1        -0.0381              0
         1        -0.0378              0
         1        -0.0375              0
         1        -0.0372              0
         1        -0.0369              0
         1        -0.0366              0
         1        -0.0363              0
         1         -0.036              0
         1        -0.0357              0
         1        -0.0354              0
         1        -0.0351              0
         1        -0.0348              0
         1        -0.0345              0
         1        -0.0342              0
         1        -0.0339              0
         1        -0.0336              0
         1        -0.0333              0
         1         -0.033              0
         1        -0.0327              0
         1        -0.0324              0
         1        -0.0321              0
         1        -0.0318              0
         1        -0.0315              0
         1        -0.0312              0
         1        -0.0309              0
         1        -0.0306              0
         1        -0.0303              0
         1          -0.03         -39.76
         1        -0.0297       -168.861
         1        -0.0294       -299.246
         1        -0.0291       -431.045
         1        -0.0288       -564.419
         1        -0.0285       -699.552
         1        -0.0282       -836.644
         1        -0.0279       -975.904
         1        -0.0276       -1117.56
         1        -0.0273       -1261.84
         1         -0.027          -1409
         1        -0.0267       -1559.31
         1        -0.0264       -1713.03
         1        -0.0261       -1870.45
         1        -0.0258        -2031.9
         1        -0.0255        -2197.7
         1        -0.0252       -2368.18
         1        -0.0249       -2543.73
         1        -0.0246       -2724.72
         1        -0.0243       -2911.57
         1         -0.024       -3104.72
         1        -0.0237       -3304.64
         1        -0.0234        -3511.8
         1        -0.0231       -3726.74
         1        -0.0228       -3950.01
         1        -0.0225       -4182.19
         1        -0.0222       -4423.89
         1        -0.0219       -4675.77
         1        -0.0216        -4938.5
         1        -0.0213       -5212.81
         1         -0.021       -5499.46
         1        -0.0207       -5799.23
         1        -0.0204       -6112.95
         1        -0.0201        -6441.5
         1        -0.0198       -6785.76
         1        -0.0195       -7146.68
         1        -0.0192       -7525.23
         1        -0.0189       -7922.43
         1        -0.0186       -8339.34
         1        -0.0183       -8777.03
         1         -0.018       -9236.64
         1        -0.0177       -9719.34
         1        -0.0174       -10226.4
         1        -0.0171         -10759
         1        -0.0168       -11318.5
         1        -0.0165       -11906.3
         1        -0.0162       -12523.8
         1        -0.0159       -13172.7
         1        -0.0156       -13854.4
         1        -0.0153       -14570.8
         1         -0.015       -15323.7
         1        -0.0147       -16115.1
         1        -0.0144       -16947.1
         1        -0.0141         -17822
         1        -0.0138       -18742.5
         1        -0.0135       -19711.2
         1        -0.0132       -20731.2
         1        -0.0129       -21805.9
         1        -0.0126         -22939
         1        -0.0123       -24134.6
         1         -0.012       -25397.4
         1        -0.0117       -26732.4
         1        -0.0114       -28145.6
         1        -0.0111       -29643.4
         1        -0.0108       -31233.3
         1        -0.0105       -32923.7
         1        -0.0102       -34724.3
         1        -0.0099       -36646.3
         1        -0.0096       -38702.6
         1        -0.0093       -40908.2
         1         -0.009         -43281
         1        -0.0087       -45841.9
         1        -0.0084       -48616.3
         1        -0.0081       -51634.8
         1        -0.0078       -54935.2
         1        -0.0075       -58564.8
         1        -0.0072       -62583.8
         1        -0.0069       -67070.7
         1        -0.0066       -72130.1
         1        -0.0063       -77903.5
         1         -0.006       -84576.5
         1        -0.0057       -92324.5
         1        -0.0054        -100000
         1        -0.0051        -100000
         1        -0.0048        -100000
         1        -0.0045       -99832.2
         1        -0.0042       -98472.6
         1        -0.0039       -97221.7
         1        -0.0036       -96169.6
         1        -0.0033       -95318.8
         1         -0.003       -94650.6
         1        -0.0027       -94141.6
         1        -0.0024       -93767.5
         1        -0.0021       -93504.6
         1        -0.0018       -93330.7
         1        -0.0015       -93224.7
         1        -0.0012       -93167.6
         1        -0.0009       -93142.5
         1        -0.0006       -93135.2
         1        -0.0003       -93135.3
         1              0       -93136.1
         1         0.0003       -93135.3
         1         0.0006       -93135.2
         1         0.0009       -93142.4
         1         0.0012       -93167.5
         1         0.0015       -93224.5
         1         0.0018       -93330.4
         1         0.0021       -93504.2
         1         0.0024         -93767
         1         0.0027         -94141
         1          0.003       -94649.8
         1         0.0033       -95317.8
         1         0.0036       -96168.5
         1         0.0039       -97220.5
         1         0.0042       -98471.4
         1         0.0045       -99831.1
         1         0.0048        -100000
         1         0.0051        -100000
         1         0.0054        -100000
         1         0.0057         -92337
         1          0.006       -84585.8
         1         0.0063       -77912.7
         1         0.0066       -72139.6
         1         0.0069       -67080.6
         1         0.0072       -62594.1
         1         0.0075       -58575.6
         1         0.0078       -54946.6
         1         0.0081       -51646.9
         1         0.0084       -48629.2
         1         0.0087       -45855.8
         1          0.009       -43295.9
         1         0.0093       -40924.4
         1         0.0096         -38720
         1         0.0099       -36665.1
         1         0.0102       -34744.6
         1         0.0105       -32945.5
         1         0.0108       -31256.8
         1         0.0111       -29668.7
         1         0.0114       -28172.7
         1         0.0117       -26761.4
         1          0.012       -25428.3
         1         0.0123       -24167.6
         1         0.0126         -22974
         1         0.0129       -21842.9
         1         0.0132       -20770.2
         1         0.0135       -19752.2
         1         0.0138       -18785.5
         1         0.0141       -17866.9
         1         0.0144       -16993.8
         1         0.0147       -16163.5
         1          0.015       -15373.8
         1         0.0153       -14622.4
         1         0.0156       -13907.3
         1         0.0159       -13226.7
         1         0.0162       -12578.9
         1         0.0165       -11962.1
         1         0.0168       -11374.9
         1         0.0171       -10815.8
         1         0.0174       -10283.4
         1         0.0177       -9776.31
         1          0.018       -9293.38
         1         0.0183       -8833.34
         1         0.0186       -8395.04
         1         0.0189       -7977.34
         1         0.0192       -7579.18
         1         0.0195       -7199.51
         1         0.0198       -6837.34
         1         0.0201        -6491.7
         1         0.0204       -6161.68
         1         0.0207       -5846.39
         1          0.021       -5544.97
         1         0.0213       -5256.62
         1         0.0216       -4980.55
         1         0.0219       -4716.03
         1         0.0222       -4462.35
         1         0.0225       -4218.84
         1         0.0228       -3984.85
         1         0.0231       -3759.77
         1         0.0234       -3543.04
         1         0.0237       -3334.11
         1          0.024       -3132.46
         1         0.0243        -2937.6
         1         0.0246       -2749.08
         1         0.0249       -2566.45
         1         0.0252       -2389.31
         1         0.0255       -2217.27
         1         0.0258       -2049.96
         1         0.0261       -1887.04
         1         0.0264       -1728.18
         1         0.0267       -1573.06
         1          0.027        -1421.4
         1         0.0273       -1272.91
         1         0.0276       -1127.34
         1         0.0279       -984.421
         1         0.0282       -843.927
         1         0.0285       -705.628
         1         0.0288       -569.311
         1         0.0291       -434.773
         1         0.0294        -301.83
         1         0.0297       -170.317
         1           0.03       -40.1027
         1         0.0303              0
         1         0.0306              0
         1         0.0309              0
         1         0.0312              0
         1         0.0315              0
         1         0.0318              0
         1         0.0321              0
         1         0.0324              0
         1         0.0327              0
         1          0.033              0
         1         0.0333              0
         1         0.0336              0
         1         0.0339              0
         1         0.0342              0
         1         0.0345              0
         1         0.0348              0
         1         0.0351              0
         1         0.0354              0
         1         0.0357              0
         1          0.036              0
         1         0.0363              0
         1         0.0366              0
         1         0.0369              0
         1         0.0372              0
         1         0.0375              0
         1         0.0378              0
         1         0.0381              0
         1         0.0384              0
         1         0.0387              0
         1          0.039              0
         1         0.0393              0
         1         0.0396              0
         1         0.0399              0
         1         0.0402              0
         1         0.0405              0
         1         0.0408              0
         1         0.0411              0
         1         0.0414              0
         1         0.0417              0
         1          0.042              0
         1         0.0423              0
         1         0.0426              0
         1         0.0429              0
         1         0.0432              0
         1         0.0435              0
         1         0.0438              0
         1         0.0441              0
         1         0.0444              0
         1         0.0447              0
         1          0.045              0
         1         0.0453              0
         1         0.0456              0
         1         0.0459              0
         1         0.0462              0
         1         0.0465              0
         1         0.0468              0
         1         0.0471              0
         1         0.0474              0
         1         0.0477              0
         2         -0.048              0
         2        -0.0477              0
         2        -0.0474              0
         2        -0.0471              0
         2        -0.0468              0
         2        -0.0465              0
         2        -0.0462              0
         2        -0.0459              0
         2        -0.0456              0
         2        -0.0453              0
         2         -0.045              0
         2        -0.0447              0
         2        -0.0444              0
         2        -0.0441              0
         2        -0.0438              0
         2        -0.0435              0
         2        -0.0432              0
         2        -0.0429              0
         2        -0.0426              0
         2        -0.0423              0
         2         -0.042              0
         2        -0.0417              0
         2        -0.0414              0
         2        -0.0411              0
         2        -0.0408              0
         2        -0.0405              0
         2        -0.0402              0
         2        -0.0399              0
         2        -0.0396              0
         2        -0.0393              0
         2         -0.039              0
         2        -0.0387              0
         2        -0.0384              0
         2        -0.0381              0
         2        -0.0378              0
         2        -0.0375              0
         2        -0.0372              0
         2        -0.0369              0
         2        -0.0366              0
         2        -0.0363              0
         2         -0.036              0
         2        -0.0357              0
         2        -0.0354              0
         2        -0.0351              0
         2        -0.0348              0
         2        -0.0345              0
         2        -0.0342              0
         2        -0.0339              0
         2        -0.0336              0
         2        -0.0333              0
         2         -0.033              0
         2        -0.0327              0
         2        -0.0324              0
         2        -0.0321              0
         2        -0.0318              0
         2        -0.0315              0
         2        -0.0312              0
         2        -0.0309              0
         2        -0.0306              0
         2        -0.0303              0
         2          -0.03       -39.1101
         2        -0.0297         -166.1
         2        -0.0294       -294.353
         2        -0.0291       -423.995
         2        -0.0288       -555.185
         2        -0.0285       -688.104
         2        -0.0282       -822.946
         2        -0.0279       -959.918
         2        -0.0276       -1099.24
         2        -0.0273       -1241.14
         2         -0.027       -1385.88
         2        -0.0267       -1533.69
         2        -0.0264       -1684.87
         2        -0.0261       -1839.69
         2        -0.0258       -1998.46
         2        -0.0255       -2161.51
         2        -0.0252       -2329.18
         2        -0.0249       -2501.84
         2        -0.0246       -2679.86
         2        -0.0243       -2863.65
         2         -0.024       -3053.66
         2        -0.0237       -3250.33
         2        -0.0234       -3454.17
         2        -0.0231       -3665.68
         2        -0.0228       -3885.41
         2        -0.0225       -4113.95
         2        -0.0222       -4351.91
         2        -0.0219       -4599.93
         2        -0.0216       -4858.71
         2        -0.0213       -5128.97
         2         -0.021       -5411.44
         2        -0.0207       -5706.94
         2        -0.0204       -6016.27
         2        -0.0201       -6340.31
         2        -0.0198       -6680.11
         2        -0.0195       -7036.99
         2        -0.0192       -7411.68
         2        -0.0189       -7805.14
         2        -0.0186       -8218.38
         2        -0.0183       -8652.47
         2         -0.018       -9108.53
         2        -0.0177       -9587.71
         2        -0.0174       -10091.2
         2        -0.0171       -10620.4
         2        -0.0168       -11176.4
         2        -0.0165       -11760.8
         2        -0.0162       -12374.9
         2        -0.0159       -13020.4
         2        -0.0156       -13698.9
         2        -0.0153         -14412
         2         -0.015       -15161.7
         2        -0.0147         -15950
         2        -0.0144         -16779
         2        -0.0141       -17651.1
         2        -0.0138       -18568.8
         2        -0.0135       -19534.9
         2        -0.0132       -20552.6
         2        -0.0129       -21625.2
         2        -0.0126       -22756.4
         2        -0.0123       -23950.4
         2         -0.012       -25211.8
         2        -0.0117       -26545.9
         2        -0.0114       -27958.4
         2        -0.0111       -29455.9
         2        -0.0108       -31045.9
         2        -0.0105         -32737
         2        -0.0102       -34538.8
         2        -0.0099       -36462.5
         2        -0.0096       -38521.1
         2        -0.0093       -40729.7
         2         -0.009       -43106.2
         2        -0.0087       -45671.8
         2        -0.0084       -48451.9
         2        -0.0081       -51477.2
         2        -0.0078       -54785.8
         2        -0.0075       -58424.9
         2        -0.0072       -62455.2
         2        -0.0069       -66955.5
         2        -0.0066       -72030.8
         2        -0.0063       -77823.4
         2         -0.006       -84519.6
         2        -0.0057       -92295.8
         2        -0.0054        -100000
         2        -0.0051        -100000
         2        -0.0048        -100000
         2        -0.0045       -99829.8
         2        -0.0042       -98450.8
         2        -0.0039       -97180.5
         2        -0.0036       -96109.8
         2        -0.0033         -95241
         2         -0.003       -94555.5
         2        -0.0027       -94029.7
         2        -0.0024       -93639.3
         2        -0.0021       -93360.6
         2        -0.0018       -93171.3
         2        -0.0015       -93050.8
         2        -0.0012       -92980.4
         2        -0.0009       -92943.4
         2        -0.0006       -92926.5
         2        -0.0003       -92920.1
         2              0       -92918.9
         2         0.0003       -92921.1
         2         0.0006       -92928.3
         2         0.0009       -92945.8
         2         0.0012       -92983.2
         2         0.0015       -93053.9
         2         0.0018       -93174.6
         2         0.0021       -93363.8
         2         0.0024       -93642.3
         2         0.0027       -94032.3
         2          0.003       -94557.4
         2         0.0033       -95242.1
         2         0.0036       -96110.1
         2         0.0039       -97180.2
         2         0.0042         -98450
         2         0.0045       -99828.8
         2         0.0048        -100000
         2         0.0051        -100000
         2         0.0054        -100000
         2         0.0057       -92307.4
         2          0.006       -84527.7
         2         0.0063       -77831.4
         2         0.0066       -72039.2
         2         0.0069       -66964.5
         2         0.0072       -62464.8
         2         0.0075       -58435.3
         2         0.0078         -54797
         2         0.0081       -51489.5
         2         0.0084       -48465.4
         2         0.0087       -45686.6
         2          0.009       -43122.3
         2         0.0093       -40747.1
         2         0.0096       -38539.9
         2         0.0099       -36482.8
         2         0.0102       -34560.6
         2         0.0105       -32760.3
         2         0.0108       -31070.9
         2         0.0111       -29482.5
         2         0.0114       -27986.7
         2         0.0117         -26576
         2          0.012       -25243.7
         2         0.0123       -23984.1
         2         0.0126       -22791.9
         2         0.0129       -21662.5
         2         0.0132       -20591.7
         2         0.0135       -19575.9
         2         0.0138       -18611.6
         2         0.0141       -17695.6
         2         0.0144       -16825.3
         2         0.0147       -15997.9
         2          0.015       -15211.2
         2         0.0153       -14462.9
         2         0.0156       -13751.1
         2         0.0159       -13073.8
         2         0.0162       -12429.2
         2         0.0165       -11815.8
         2         0.0168         -11232
         2         0.0171       -10676.3
         2         0.0174       -10147.3
         2         0.0177       -9643.71
         2          0.018       -9164.26
         2         0.0183       -8707.74
         2         0.0186       -8272.98
         2         0.0189       -7858.88
         2         0.0192       -7464.38
         2         0.0195       -7088.49
         2         0.0198       -6730.29
         2         0.0201       -6389.07
         2         0.0204       -6063.54
         2         0.0207       -5752.64
         2          0.021       -5455.51
         2         0.0213       -5171.37
         2         0.0216       -4899.42
         2         0.0219       -4638.91
         2         0.0222       -4389.15
         2         0.0225       -4149.45
         2         0.0228       -3919.16
         2         0.0231       -3697.69
         2         0.0234       -3484.46
         2         0.0237       -3278.92
         2          0.024       -3080.57
         2         0.0243       -2888.93
         2         0.0246       -2703.52
         2         0.0249       -2523.93
         2         0.0252       -2349.74
         2         0.0255       -2180.57
         2         0.0258       -2016.05
         2         0.0261       -1855.85
         2         0.0264       -1699.63
         2         0.0267        -1547.1
         2          0.027       -1397.96
         2         0.0273       -1251.94
         2         0.0276       -1108.78
         2         0.0279       -968.228
         2         0.0282       -830.054
         2         0.0285       -694.035
         2         0.0288       -559.963
         2         0.0291       -427.637
         2         0.0294       -296.878
         2         0.0297       -167.523
         2           0.03       -39.4449
         2         0.0303              0
         2         0.0306              0
         2         0.0309              0
         2         0.0312              0
         2         0.0315              0
         2         0.0318              0
         2         0.0321              0
         2         0.0324              0
         2         0.0327              0
         2          0.033              0
         2         0.0333              0
         2         0.0336              0
         2         0.0339              0
         2         0.0342              0
         2         0.0345              0
         2         0.0348              0
         2         0.0351              0
         2         0.0354              0
         2         0.0357              0
         2          0.036              0
         2         0.0363              0
         2         0.0366              0
         2         0.0369              0
         2         0.0372              0
         2         0.0375              0
         2         0.0378              0
         2         0.0381              0
         2         0.0384              0
         2         0.0387              0
         2          0.039              0
         2         0.0393              0
         2         0.0396              0
         2         0.0399              0
         2         0.0402              0
         2         0.0405              0
         2         0.0408              0
         2         0.0411              0
         2         0.0414              0
         2         0.0417              0
         2          0.042              0
         2         0.0423              0
         2         0.0426              0
         2         0.0429              0
         2         0.0432              0
         2         0.0435              0
         2         0.0438              0
         2         0.0441              0
         2         0.0444              0
         2         0.0447              0
         2          0.045              0
         2         0.0453              0
         2         0.0456              0
         2         0.0459              0
         2         0.0462              0
         2         0.0465              0
         2         0.0468              0
         2         0.0471              0
         2         0.0474              0
         2         0.0477              0
         3         -0.048              0
         3        -0.0477              0
         3        -0.0474              0
         3        -0.0471              0
         3        -0.0468              0
         3        -0.0465              0
         3        -0.0462              0
         3        -0.0459              0
         3        -0.0456              0
         3        -0.0453              0
         3         -0.045              0
         3        -0.0447              0
         3        -0.0444              0
         3        -0.0441              0
         3        -0.0438              0
         3        -0.0435              0
         3        -0.0432              0
         3        -0.0429              0
         3        -0.0426              0
         3        -0.0423              0
         3         -0.042              0
         3        -0.0417              0
         3        -0.0414              0
         3        -0.0411              0
         3        -0.0408              0
         3        -0.0405              0
         3        -0.0402              0
         3        -0.0399              0
         3        -0.0396              0
         3        -0.0393              0
         3         -0.039              0
         3        -0.0387              0
         3        -0.0384              0
         3        -0.0381              0
         3        -0.0378              0
         3        -0.0375              0
         3        -0.0372              0
         3        -0.0369              0
         3        -0.0366              0
         3        -0.0363              0
         3         -0.036              0
         3        -0.0357              0
         3        -0.0354              0
         3        -0.0351              0
         3        -0.0348              0
         3        -0.0345              0
         3        -0.0342              0
         3        -0.0339              0
         3        -0.0336              0
         3        -0.0333              0
         3         -0.033              0
         3        -0.0327              0
         3        -0.0324              0
         3        -0.0321              0
         3        -0.0318              0
         3        -0.0315              0
         3        -0.0312              0
         3        -0.0309              0
         3        -0.0306              0
         3        -0.0303              0
         3          -0.03        -38.639
         3        -0.0297         -164.1
         3        -0.0294       -290.808
         3        -0.0291       -418.888
         3        -0.0288       -548.495
         3        -0.0285       -679.808
         3        -0.0282       -813.018
         3        -0.0279        -948.33
         3        -0.0276       -1085.96
         3        -0.0273       -1226.14
         3         -0.027       -1369.11
         3        -0.0267       -1515.12
         3        -0.0264       -1664.45
         3        -0.0261       -1817.38
         3        -0.0258       -1974.22
         3        -0.0255       -2135.27
         3        -0.0252       -2300.89
         3        -0.0249       -2471.44
         3        -0.0246       -2647.29
         3        -0.0243       -2828.85
         3         -0.024       -3016.55
         3        -0.0237       -3210.85
         3        -0.0234       -3412.23
         3        -0.0231       -3621.21
         3        -0.0228       -3838.34
         3        -0.0225        -4064.2
         3        -0.0222       -4299.38
         3        -0.0219       -4544.55
         3        -0.0216        -4800.4
         3        -0.0213       -5067.65
         3         -0.021       -5347.04
         3        -0.0207       -5639.36
         3        -0.0204       -5945.44
         3        -0.0201       -6266.12
         3        -0.0198       -6602.61
         3        -0.0195       -6956.46
         3        -0.0192       -7328.26
         3        -0.0189       -7718.93
         3        -0.0186       -8129.43
         3        -0.0183       -8560.83
         3         -0.018       -9014.23
         3        -0.0177       -9490.78
         3        -0.0174       -9991.69
         3        -0.0171       -10518.2
         3        -0.0168       -11071.7
         3        -0.0165       -11653.5
         3        -0.0162       -12265.2
         3        -0.0159       -12908.1
         3        -0.0156       -13584.1
         3        -0.0153       -14294.8
         3         -0.015       -15042.2
         3        -0.0147       -15828.1
         3        -0.0144       -16654.8
         3        -0.0141       -17524.7
         3        -0.0138       -18440.3
         3        -0.0135       -19404.5
         3        -0.0132       -20420.3
         3        -0.0129       -21491.2
         3        -0.0126       -22620.8
         3        -0.0123       -23813.5
         3         -0.012       -25073.9
         3        -0.0117       -26407.1
         3        -0.0114         -27819
         3        -0.0111       -29316.2
         3        -0.0108       -30906.2
         3        -0.0105       -32597.6
         3        -0.0102       -34400.2
         3        -0.0099       -36325.1
         3        -0.0096       -38385.4
         3        -0.0093       -40596.2
         3         -0.009       -42975.5
         3        -0.0087       -45544.5
         3        -0.0084       -48328.8
         3        -0.0081       -51359.2
         3        -0.0078       -54673.8
         3        -0.0075       -58320.1
         3        -0.0072       -62358.8
         3        -0.0069       -66869.1
         3        -0.0066       -71956.4
         3        -0.0063       -77763.3
         3         -0.006         -84477
         3        -0.0057       -92274.3
         3        -0.0054        -100000
         3        -0.0051        -100000
         3        -0.0048        -100000
         3        -0.0045         -99828
         3        -0.0042       -98433.8
         3        -0.0039       -97148.4
         3        -0.0036         -96063
         3        -0.0033       -95179.9
         3         -0.003       -94480.5
         3        -0.0027         -93941
         3        -0.0024       -93536.8
         3        -0.0021       -93244.2
         3        -0.0018         -93041
         3        -0.0015       -92906.5
         3        -0.0012       -92822.2
         3        -0.0009       -92771.9
         3        -0.0006       -92743.3
         3        -0.0003       -92728.7
         3              0       -92725.2
         3         0.0003       -92731.6
         3         0.0006       -92747.7
         3         0.0009       -92777.9
         3         0.0012         -92829
         3         0.0015       -92913.6
         3         0.0018         -93048
         3         0.0021       -93250.9
         3         0.0024       -93542.9
         3         0.0027       -93946.3
         3          0.003       -94484.6
         3         0.0033       -95182.6
         3         0.0036       -96064.5
         3         0.0039       -97148.9
         3         0.0042       -98433.5
         3         0.0045         -99827
         3         0.0048        -100000
         3         0.0051        -100000
         3         0.0054        -100000
         3         0.0057       -92285.1
         3          0.006         -84484
         3         0.0063       -77770.2
         3         0.0066       -71963.7
         3         0.0069       -66877.1
         3         0.0072       -62367.5
         3         0.0075       -58329.7
         3         0.0078       -54684.5
         3         0.0081       -51371.2
         3         0.0084       -48342.2
         3         0.0087       -45559.4
         3          0.009       -42991.9
         3         0.0093       -40614.1
         3         0.0096       -38404.8
         3         0.0099       -36346.1
         3         0.0102       -34422.8
         3         0.0105       -32621.8
         3         0.0108       -30931.9
         3         0.0111       -29343.5
         3         0.0114       -27847.9
         3         0.0117       -26437.7
         3          0.012       -25106.3
         3         0.0123       -23847.6
         3         0.0126       -22656.5
         3         0.0129       -21528.5
         3         0.0132       -20459.3
         3         0.0135       -19445.3
         3         0.0138       -18482.8
         3         0.0141       -17568.9
         3         0.0144       -16700.7
         3         0.0147       -15875.5
         3          0.015       -15091.1
         3         0.0153       -14345.2
         3         0.0156       -13635.8
         3         0.0159       -12960.9
         3         0.0162       -12318.8
         3         0.0165       -11707.9
         3         0.0168       -11126.6
         3         0.0171       -10573.4
         3         0.0174         -10047
         3         0.0177       -9546.03
         3          0.018       -9069.19
         3         0.0183       -8615.29
         3         0.0186       -8183.19
         3         0.0189       -7771.78
         3         0.0192       -7380.03
         3         0.0195       -7006.98
         3         0.0198       -6651.75
         3         0.0201        -6313.8
         3         0.0204        -5991.6
         3         0.0207       -5683.97
         3          0.021       -5390.06
         3         0.0213       -5109.06
         3         0.0216       -4840.17
         3         0.0219       -4582.65
         3         0.0222        -4335.8
         3         0.0225       -4098.93
         3         0.0228       -3871.38
         3         0.0231       -3652.56
         3         0.0234       -3441.91
         3         0.0237       -3238.88
         3          0.024       -3042.96
         3         0.0243       -2853.66
         3         0.0246       -2670.54
         3         0.0249       -2493.15
         3         0.0252       -2321.11
         3         0.0255       -2154.02
         3         0.0258       -1991.53
         3         0.0261       -1833.29
         3         0.0264       -1678.99
         3         0.0267       -1528.33
         3          0.027       -1381.01
         3         0.0273       -1236.78
         3         0.0276       -1095.36
         3         0.0279       -956.514
         3         0.0282       -820.017
         3         0.0285       -685.647
         3         0.0288       -553.198
         3         0.0291       -422.473
         3         0.0294       -293.293
         3         0.0297       -165.501
         3           0.03       -38.9688
         3         0.0303              0
         3         0.0306              0
         3         0.0309              0
         3         0.0312              0
         3         0.0315              0
         3         0.0318              0
         3         0.0321              0
         3         0.0324              0
         3         0.0327              0
         3          0.033              0
         3         0.0333              0
         3         0.0336              0
         3         0.0339              0
         3         0.0342              0
         3         0.0345              0
         3         0.0348              0
         3         0.0351              0
         3         0.0354              0
         3         0.0357              0
         3          0.036              0
         3         0.0363              0
         3         0.0366              0
         3         0.0369              0
         3         0.0372              0
         3         0.0375              0
         3         0.0378              0
         3         0.0381              0
         3         0.0384              0
         3         0.0387              0
         3          0.039              0
         3         0.0393              0
         3         0.0396              0
         3         0.0399              0
         3         0.0402              0
         3         0.0405              0
         3         0.0408              0
         3         0.0411              0
         3         0.0414              0
         3         0.0417              0
         3          0.042              0
         3         0.0423              0
         3         0.0426              0
         3         0.0429              0
         3         0.0432              0
         3         0.0435              0
         3         0.0438              0
         3         0.0441              0
         3         0.0444              0
         3         0.0447              0
         3          0.045              0
         3         0.0453              0
         3         0.0456              0
         3         0.0459              0
         3         0.0462              0
         3         0.0465              0
         3         0.0468              0
         3         0.0471              0
         3         0.0474              0
         3         0.0477              0
         4         -0.048              0
         4        -0.0477              0
         4        -0.0474              0
         4        -0.0471              0
         4        -0.0468              0
         4        -0.0465              0
         4        -0.0462              0
         4        -0.0459              0
         4        -0.0456              0
         4        -0.0453              0
         4         -0.045              0
         4        -0.0447              0
         4        -0.0444              0
         4        -0.0441              0
         4        -0.0438              0
         4        -0.0435              0
         4        -0.0432              0
         4        -0.0429              0
         4        -0.0426              0
         4        -0.0423              0
         4         -0.042              0
         4        -0.0417              0
         4        -0.0414              0
         4        -0.0411              0
         4        -0.0408              0
         4        -0.0405              0
         4        -0.0402              0
         4        -0.0399              0
         4        -0.0396              0
         4        -0.0393              0
         4         -0.039              0
         4        -0.0387              0
         4        -0.0384              0
         4        -0.0381              0
         4        -0.0378              0
         4        -0.0375              0
         4        -0.0372              0
         4        -0.0369              0
         4        -0.0366              0
         4        -0.0363              0
         4         -0.036              0
         4        -0.0357              0
         4        -0.0354              0
         4        -0.0351              0
         4        -0.0348              0
         4        -0.0345              0
         4        -0.0342              0
         4        -0.0339              0
         4        -0.0336              0
         4        -0.0333              0
         4         -0.033              0
         4        -0.0327              0
         4        -0.0324              0
         4        -0.0321              0
         4        -0.0318              0
         4        -0.0315              0
         4        -0.0312              0
         4        -0.0309              0
         4        -0.0306              0
         4        -0.0303              0
         4          -0.03       -38.2847
         4        -0.0297       -162.595
         4        -0.0294       -288.141
         4        -0.0291       -415.045
         4        -0.0288       -543.462
         4        -0.0285       -673.568
         4        -0.0282       -805.553
         4        -0.0279       -939.619
         4        -0.0276       -1075.98
         4        -0.0273       -1214.87
         4         -0.027       -1356.51
         4        -0.0267       -1501.18
         4        -0.0264       -1649.13
         4        -0.0261       -1800.64
         4        -0.0258       -1956.02
         4        -0.0255       -2115.59
         4        -0.0252       -2279.67
         4        -0.0249       -2448.64
         4        -0.0246       -2622.87
         4        -0.0243       -2802.76
         4         -0.024       -2988.74
         4        -0.0237       -3181.27
         4        -0.0234       -3380.82
         4        -0.0231       -3587.93
         4        -0.0228       -3803.12
         4        -0.0225       -4026.99
         4        -0.0222       -4260.13
         4        -0.0219        -4503.2
         4        -0.0216       -4756.88
         4        -0.0213        -5021.9
         4         -0.021       -5299.02
         4        -0.0207       -5589.01
         4        -0.0204       -5892.68
         4        -0.0201       -6210.89
         4        -0.0198       -6544.92
         4        -0.0195       -6896.51
         4        -0.0192       -7266.13
         4        -0.0189       -7654.66
         4        -0.0186       -8063.07
         4        -0.0183       -8492.39
         4         -0.018       -8943.74
         4        -0.0177       -9418.24
         4        -0.0174       -9917.11
         4        -0.0171       -10441.6
         4        -0.0168       -10993.1
         4        -0.0165       -11572.9
         4        -0.0162       -12182.5
         4        -0.0159       -12823.4
         4        -0.0156       -13497.4
         4        -0.0153       -14206.2
         4         -0.015       -14951.6
         4        -0.0147       -15735.6
         4        -0.0144       -16560.5
         4        -0.0141       -17428.5
         4        -0.0138       -18342.4
         4        -0.0135         -19305
         4        -0.0132       -20319.2
         4        -0.0129       -21388.6
         4        -0.0126         -22517
         4        -0.0123       -23708.6
         4         -0.012         -24968
         4        -0.0117       -26300.4
         4        -0.0114       -27711.8
         4        -0.0111       -29208.6
         4        -0.0108       -30798.5
         4        -0.0105       -32490.1
         4        -0.0102       -34293.1
         4        -0.0099       -36218.9
         4        -0.0096       -38280.3
         4        -0.0093       -40492.7
         4         -0.009       -42874.1
         4        -0.0087       -45445.7
         4        -0.0084       -48233.2
         4        -0.0081       -51267.4
         4        -0.0078       -54586.6
         4        -0.0075       -58238.4
         4        -0.0072       -62283.7
         4        -0.0069       -66801.8
         4        -0.0066       -71898.3
         4        -0.0063       -77716.4
         4         -0.006       -84443.7
         4        -0.0057       -92257.4
         4        -0.0054        -100000
         4        -0.0051        -100000
         4        -0.0048        -100000
         4        -0.0045       -99826.4
         4        -0.0042       -98419.2
         4        -0.0039       -97120.5
         4        -0.0036       -96022.1
         4        -0.0033       -95126.3
         4         -0.003       -94414.1
         4        -0.0027       -93861.6
         4        -0.0024       -93444.1
         4        -0.0021       -93137.7
         4        -0.0018       -92919.7
         4        -0.0015       -92769.5
         4        -0.0012       -92668.4
         4        -0.0009       -92601.1
         4        -0.0006       -92556.5
         4        -0.0003       -92529.7
         4              0       -92523.3
         4         0.0003       -92537.2
         4         0.0006       -92566.8
         4         0.0009       -92612.7
         4         0.0012       -92680.9
         4         0.0015         -92782
         4         0.0018       -92931.6
         4         0.0021       -93148.6
         4         0.0024         -93454
         4         0.0027         -93870
         4          0.003       -94420.6
         4         0.0033       -95130.8
         4         0.0036       -96024.9
         4         0.0039       -97121.8
         4         0.0042       -98419.2
         4         0.0045       -99825.5
         4         0.0048        -100000
         4         0.0051        -100000
         4         0.0054        -100000
         4         0.0057       -92267.9
         4          0.006       -84450.1
         4         0.0063       -77722.7
         4         0.0066       -71905.1
         4         0.0069       -66809.2
         4         0.0072       -62291.9
         4         0.0075       -58247.6
         4         0.0078         -54597
         4         0.0081       -51279.3
         4         0.0084       -48246.6
         4         0.0087       -45460.8
         4          0.009       -42890.8
         4         0.0093         -40511
         4         0.0096       -38300.2
         4         0.0099       -36240.3
         4         0.0102       -34316.2
         4         0.0105       -32514.7
         4         0.0108       -30824.6
         4         0.0111       -29236.2
         4         0.0114       -27740.9
         4         0.0117       -26331.2
         4          0.012       -25000.4
         4         0.0123       -23742.6
         4         0.0126       -22552.5
         4         0.0129       -21425.7
         4         0.0132       -20357.8
         4         0.0135       -19345.2
         4         0.0138       -18384.4
         4         0.0141       -17472.1
         4         0.0144       -16605.6
         4         0.0147       -15782.3
         4          0.015       -14999.8
         4         0.0153       -14255.8
         4         0.0156       -13548.2
         4         0.0159       -12875.3
         4         0.0162       -12235.2
         4         0.0165       -11626.3
         4         0.0168       -11047.1
         4         0.0171       -10495.9
         4         0.0174       -9971.54
         4         0.0177       -9472.56
         4          0.018       -8997.75
         4         0.0183       -8545.89
         4         0.0186       -8115.84
         4         0.0189        -7706.5
         4         0.0192       -7316.86
         4         0.0195       -6945.97
         4         0.0198       -6592.99
         4         0.0201       -6257.45
         4         0.0204       -5937.69
         4         0.0207       -5632.47
         4          0.021       -5340.94
         4         0.0213       -5062.26
         4         0.0216       -4795.64
         4         0.0219       -4540.35
         4         0.0222       -4295.66
         4         0.0225       -4060.89
         4         0.0228       -3835.38
         4         0.0231       -3618.55
         4         0.0234       -3409.82
         4         0.0237       -3208.66
         4          0.024       -3014.55
         4         0.0243       -2827.02
         4         0.0246        -2645.6
         4         0.0249       -2469.88
         4         0.0252       -2299.45
         4         0.0255       -2133.93
         4         0.0258       -1972.97
         4         0.0261       -1816.22
         4         0.0264       -1663.37
         4         0.0267       -1514.12
         4          0.027       -1368.19
         4         0.0273        -1225.3
         4         0.0276       -1085.19
         4         0.0279       -947.645
         4         0.0282       -812.419
         4         0.0285       -679.297
         4         0.0288       -548.075
         4         0.0291       -418.562
         4         0.0294       -290.579
         4         0.0297        -163.97
         4           0.03       -38.6084
         4         0.0303              0
         4         0.0306              0
         4         0.0309              0
         4         0.0312              0
         4         0.0315              0
         4         0.0318              0
         4         0.0321              0
         4         0.0324              0
         4         0.0327              0
         4          0.033              0
         4         0.0333              0
         4         0.0336              0
         4         0.0339              0
         4         0.0342              0
         4         0.0345              0
         4         0.0348              0
         4         0.0351              0
         4         0.0354              0
         4         0.0357              0
         4          0.036              0
         4         0.0363              0
         4         0.0366              0
         4         0.0369              0
         4         0.0372              0
         4         0.0375              0
         4         0.0378              0
         4         0.0381              0
         4         0.0384              0
         4         0.0387              0
         4          0.039              0
         4         0.0393              0
         4         0.0396              0
         4         0.0399              0
         4         0.0402              0
         4         0.0405              0
         4         0.0408              0
         4         0.0411              0
         4         0.0414              0
         4         0.0417              0
         4          0.042              0
         4         0.0423              0
         4         0.0426              0
         4         0.0429              0
         4         0.0432              0
         4         0.0435              0
         4         0.0438              0
         4         0.0441              0
         4         0.0444              0
         4         0.0447              0
         4          0.045              0
         4         0.0453              0
         4         0.0456              0
         4         0.0459              0
         4         0.0462              0
         4         0.0465              0
         4         0.0468              0
         4         0.0471              0
         4         0.0474              0
         4         0.0477              0
         5         -0.048              0
         5        -0.0477              0
         5        -0.0474              0
         5        -0.0471              0
         5        -0.0468              0
         5        -0.0465              0
         5        -0.0462              0
         5        -0.0459              0
         5        -0.0456              0
         5        -0.0453              0
         5         -0.045              0
         5        -0.0447              0
         5        -0.0444              0
         5        -0.0441              0
         5        -0.0438              0
         5        -0.0435              0
         5        -0.0432              0
         5        -0.0429              0
         5        -0.0426              0
         5        -0.0423              0
         5         -0.042              0
         5        -0.0417              0
         5        -0.0414              0
         5        -0.0411              0
         5        -0.0408              0
         5        -0.0405              0
         5        -0.0402              0
         5        -0.0399              0
         5        -0.0396              0
         5        -0.0393              0
         5         -0.039              0
         5        -0.0387              0
         5        -0.0384              0
         5        -0.0381              0
         5        -0.0378              0
         5        -0.0375              0
         5        -0.0372              0
         5        -0.0369              0
         5        -0.0366              0
         5        -0.0363              0
         5         -0.036              0
         5        -0.0357              0
         5        -0.0354              0
         5        -0.0351              0
         5        -0.0348              0
         5        -0.0345              0
         5        -0.0342              0
         5        -0.0339              0
         5        -0.0336              0
         5        -0.0333              0
         5         -0.033              0
         5        -0.0327              0
         5        -0.0324              0
         5        -0.0321              0
         5        -0.0318              0
         5        -0.0315              0
         5        -0.0312              0
         5        -0.0309              0
         5        -0.0306              0
         5        -0.0303              0
         5          -0.03        -38.019
         5        -0.0297       -161.467
         5        -0.0294       -286.141
         5        -0.0291       -412.166
         5        -0.0288       -539.696
         5        -0.0285       -668.905
         5        -0.0282       -799.981
         5        -0.0279       -933.126
         5        -0.0276       -1068.55
         5        -0.0273       -1206.49
         5         -0.027       -1347.17
         5        -0.0267       -1490.85
         5        -0.0264       -1637.79
         5        -0.0261       -1788.28
         5        -0.0258       -1942.61
         5        -0.0255        -2101.1
         5        -0.0252       -2264.08
         5        -0.0249       -2431.91
         5        -0.0246       -2604.97
         5        -0.0243       -2783.65
         5         -0.024       -2968.39
         5        -0.0237       -3159.63
         5        -0.0234       -3357.85
         5        -0.0231       -3563.58
         5        -0.0228       -3777.34
         5        -0.0225       -3999.73
         5        -0.0222       -4231.34
         5        -0.0219       -4472.81
         5        -0.0216       -4724.85
         5        -0.0213       -4988.17
         5         -0.021       -5263.53
         5        -0.0207       -5551.71
         5        -0.0204       -5853.53
         5        -0.0201       -6169.82
         5        -0.0198       -6501.95
         5        -0.0195       -6851.72
         5        -0.0192       -7219.57
         5        -0.0189       -7606.36
         5        -0.0186       -8013.05
         5        -0.0183       -8440.68
         5         -0.018       -8890.33
         5        -0.0177       -9363.15
         5        -0.0174       -9860.34
         5        -0.0171       -10383.2
         5        -0.0168         -10933
         5        -0.0165       -11511.1
         5        -0.0162       -12119.1
         5        -0.0159       -12758.4
         5        -0.0156       -13430.8
         5        -0.0153       -14137.9
         5         -0.015       -14881.7
         5        -0.0147       -15664.2
         5        -0.0144       -16487.6
         5        -0.0141       -17354.2
         5        -0.0138       -18266.6
         5        -0.0135       -19227.8
         5        -0.0132       -20240.8
         5        -0.0129       -21309.1
         5        -0.0126       -22436.4
         5        -0.0123         -23627
         5         -0.012       -24885.5
         5        -0.0117       -26217.3
         5        -0.0114       -27628.1
         5        -0.0111       -29124.5
         5        -0.0108       -30714.2
         5        -0.0105       -32405.8
         5        -0.0102       -34209.1
         5        -0.0099       -36135.4
         5        -0.0096       -38197.6
         5        -0.0093       -40411.2
         5         -0.009       -42794.1
         5        -0.0087       -45367.6
         5        -0.0084       -48157.5
         5        -0.0081       -51194.8
         5        -0.0078       -54517.6
         5        -0.0075       -58173.7
         5        -0.0072       -62224.1
         5        -0.0069       -66748.3
         5        -0.0066       -71852.2
         5        -0.0063       -77679.2
         5         -0.006       -84417.2
         5        -0.0057         -92244
         5        -0.0054        -100000
         5        -0.0051        -100000
         5        -0.0048        -100000
         5        -0.0045       -99825.1
         5        -0.0042       -98407.1
         5        -0.0039       -97097.3
         5        -0.0036       -95987.9
         5        -0.0033       -95081.1
         5         -0.003         -94358
         5        -0.0027       -93794.3
         5        -0.0024         -93365
         5        -0.0021       -93046.1
         5        -0.0018       -92814.8
         5        -0.0015       -92650.3
         5        -0.0012       -92534.1
         5        -0.0009         -92451
         5        -0.0006       -92390.3
         5        -0.0003       -92350.4
         5              0         -92340
         5         0.0003       -92361.7
         5         0.0006         -92406
         5         0.0009       -92468.2
         5         0.0012       -92551.9
         5         0.0015       -92667.6
         5         0.0018       -92831.2
         5         0.0021       -93061.1
         5         0.0024       -93378.3
         5         0.0027       -93805.5
         5          0.003       -94366.8
         5         0.0033       -95087.4
         5         0.0036         -95992
         5         0.0039       -97099.4
         5         0.0042       -98407.5
         5         0.0045       -99824.2
         5         0.0048        -100000
         5         0.0051        -100000
         5         0.0054        -100000
         5         0.0057       -92254.4
         5          0.006       -84423.5
         5         0.0063       -77685.3
         5         0.0066       -71858.8
         5         0.0069       -66755.6
         5         0.0072       -62232.3
         5         0.0075       -58182.9
         5         0.0078       -54528.2
         5         0.0081         -51207
         5         0.0084       -48171.4
         5         0.0087       -45383.3
         5          0.009       -42811.4
         5         0.0093       -40430.2
         5         0.0096       -38218.2
         5         0.0099       -36157.5
         5         0.0102       -34232.8
         5         0.0105         -32431
         5         0.0108       -30740.9
         5         0.0111       -29152.6
         5         0.0114       -27657.6
         5         0.0117       -26248.4
         5          0.012       -24918.2
         5         0.0123       -23661.1
         5         0.0126       -22471.9
         5         0.0129       -21346.1
         5         0.0132       -20279.3
         5         0.0135       -19267.9
         5         0.0138       -18308.4
         5         0.0141       -17397.5
         5         0.0144       -16532.4
         5         0.0147       -15710.6
         5          0.015       -14929.6
         5         0.0153       -14187.1
         5         0.0156       -13481.2
         5         0.0159       -12809.8
         5         0.0162       -12171.4
         5         0.0165       -11564.1
         5         0.0168       -10986.4
         5         0.0171       -10436.9
         5         0.0174       -9914.17
         5         0.0177       -9416.85
         5          0.018       -8943.68
         5         0.0183       -8493.48
         5         0.0186       -8065.08
         5         0.0189       -7657.41
         5         0.0192       -7269.45
         5         0.0195       -6900.26
         5         0.0198       -6549.05
         5         0.0201       -6215.46
         5         0.0204       -5897.67
         5         0.0207       -5594.36
         5          0.021       -5304.67
         5         0.0213       -5027.79
         5         0.0216       -4762.89
         5         0.0219       -4509.26
         5         0.0222       -4266.19
         5         0.0225       -4032.99
         5         0.0228          -3809
         5         0.0231       -3593.63
         5         0.0234       -3386.32
         5         0.0237       -3186.53
         5          0.024       -2993.74
         5         0.0243       -2807.49
         5         0.0246       -2627.31
         5         0.0249        -2452.8
         5         0.0252       -2283.53
         5         0.0255       -2119.14
         5         0.0258       -1959.28
         5         0.0261       -1803.61
         5         0.0264       -1651.81
         5         0.0267       -1503.59
         5          0.027       -1358.66
         5         0.0273       -1216.75
         5         0.0276       -1077.62
         5         0.0279       -941.027
         5         0.0282        -806.74
         5         0.0285       -674.546
         5         0.0288        -544.24
         5         0.0291       -415.632
         5         0.0294       -288.544
         5         0.0297       -162.821
         5           0.03       -38.3379
         5         0.0303              0
         5         0.0306              0
         5         0.0309              0
         5         0.0312              0
         5         0.0315              0
         5         0.0318              0
         5         0.0321              0
         5         0.0324              0
         5         0.0327              0
         5          0.033              0
         5         0.0333              0
         5         0.0336              0
         5         0.0339              0
         5         0.0342              0
         5         0.0345              0
         5         0.0348              0
         5         0.0351              0
         5         0.0354              0
         5         0.0357              0
         5          0.036              0
         5         0.0363              0
         5         0.0366              0
         5         0.0369              0
         5         0.0372              0
         5         0.0375              0
         5         0.0378              0
         5         0.0381              0
         5         0.0384              0
         5         0.0387              0
         5          0.039              0
         5         0.0393              0
         5         0.0396              0
         5         0.0399              0
         5         0.0402              0
         5         0.0405              0
         5         0.0408              0
         5         0.0411              0
         5         0.0414              0
         5         0.0417              0
         5          0.042              0
         5         0.0423              0
         5         0.0426              0
         5         0.0429              0
         5         0.0432              0
         5         0.0435              0
         5         0.0438              0
         5         0.0441              0
         5         0.0444              0
         5         0.0447              0
         5          0.045              0
         5         0.0453              0
         5         0.0456              0
         5         0.0459              0
         5         0.0462              0
         5         0.0465              0
         5         0.0468              0
         5         0.0471              0
         5         0.0474              0
         5         0.0477              0
