# r (m)    potential (V)
        -0.048              0
       -0.0477              0
       -0.0474              0
       -0.0471              0
       -0.0468              0
       -0.0465              0
       -0.0462              0
       -0.0459              0
       -0.0456              0
       -0.0453              0
        -0.045              0
       -0.0447              0
       -0.0444              0
       -0.0441              0
       -0.0438              0
       -0.0435              0
       -0.0432              0
       -0.0429              0
       -0.0426              0
       -0.0423              0
        -0.042              0
       -0.0417              0
       -0.0414              0
       -0.0411              0
       -0.0408              0
       -0.0405              0
       -0.0402              0
       -0.0399              0
       -0.0396              0
       -0.0393              0
        -0.039              0
       -0.0387              0
       -0.0384              0
       -0.0381              0
       -0.0378              0
       -0.0375              0
       -0.0372              0
       -0.0369              0
       -0.0366              0
       -0.0363              0
        -0.036              0
       -0.0357              0
       -0.0354              0
       -0.0351              0
       -0.0348              0
       -0.0345              0
       -0.0342              0
       -0.0339              0
       -0.0336              0
       -0.0333              0
        -0.033              0
       -0.0327              0
       -0.0324              0
       -0.0321              0
       -0.0318              0
       -0.0315              0
       -0.0312              0
       -0.0309              0
       -0.0306              0
       -0.0303              0
         -0.03       -39.8604
       -0.0297       -169.289
       -0.0294       -300.012
       -0.0291       -432.166
       -0.0288       -565.919
       -0.0285        -701.46
       -0.0282       -838.995
       -0.0279       -978.743
       -0.0276       -1120.93
       -0.0273       -1265.81
        -0.027       -1413.64
       -0.0267       -1564.68
       -0.0264       -1719.22
       -0.0261       -1877.56
       -0.0258       -2040.02
       -0.0255       -2206.93
       -0.0252       -2378.65
       -0.0249       -2555.55
       -0.0246       -2738.03
       -0.0243       -2926.52
        -0.024       -3121.45
       -0.0237       -3323.29
       -0.0234       -3532.55
       -0.0231       -3749.74
       -0.0228       -3975.42
       -0.0225       -4210.18
       -0.0222       -4454.64
       -0.0219       -4709.43
       -0.0216       -4975.25
       -0.0213       -5252.81
        -0.021       -5542.87
       -0.0207        -5846.2
       -0.0204       -6163.64
       -0.0201       -6496.03
       -0.0198       -6844.28
       -0.0195        -7209.3
       -0.0192       -7592.08
       -0.0189       -7993.61
       -0.0186       -8414.94
       -0.0183       -8857.14
        -0.018       -9321.33
       -0.0177       -9808.69
       -0.0174       -10320.4
       -0.0171       -10857.8
       -0.0168       -11422.1
       -0.0165       -12014.7
       -0.0162       -12637.1
       -0.0159       -13290.8
       -0.0156       -13977.4
       -0.0153       -14698.6
        -0.015       -15456.3
       -0.0147       -16252.5
       -0.0144       -17089.3
       -0.0141       -17968.9
       -0.0138         -18894
       -0.0135       -19867.3
       -0.0132       -20891.8
       -0.0129       -21970.9
       -0.0126       -23108.3
       -0.0123         -24308
        -0.012       -25574.6
       -0.0117       -26913.4
       -0.0114         -28330
       -0.0111         -29831
       -0.0108       -31423.7
       -0.0105       -33116.5
       -0.0102       -34919.1
       -0.0099       -36842.6
       -0.0096       -38899.6
       -0.0093       -41105.3
        -0.009       -43477.2
       -0.0087       -46036.2
       -0.0084       -48807.4
       -0.0081       -51821.3
       -0.0078       -55115.3
       -0.0075       -58736.4
       -0.0072       -62744.2
       -0.0069       -67216.7
       -0.0066       -72257.8
       -0.0063       -78007.9
        -0.006       -84651.4
       -0.0057       -92362.7
       -0.0054        -100000
       -0.0051        -100000
       -0.0048        -100000
       -0.0045       -99834.7
       -0.0042       -98495.2
       -0.0039       -97262.9
       -0.0036       -96226.7
       -0.0033       -95388.8
        -0.003         -94731
       -0.0027       -94229.9
       -0.0024       -93861.7
       -0.0021       -93603.1
       -0.0018       -93431.9
       -0.0015       -93327.7
       -0.0012       -93271.5
       -0.0009       -93246.7
       -0.0006       -93239.6
       -0.0003       -93239.5
             0       -93240.1
        0.0003       -93239.1
        0.0006       -93238.8
        0.0009       -93245.6
        0.0012         -93270
        0.0015       -93325.9
        0.0018       -93429.9
        0.0021       -93600.8
        0.0024       -93859.3
        0.0027       -94227.4
         0.003       -94728.5
        0.0033       -95386.3
        0.0036       -96224.4
        0.0039       -97260.8
        0.0042       -98493.5
        0.0045       -99833.6
        0.0048        -100000
        0.0051        -100000
        0.0054        -100000
        0.0057       -92373.5
         0.006       -84657.5
        0.0063       -78012.5
        0.0066       -72261.6
        0.0069         -67220
        0.0072       -62747.1
        0.0075       -58739.2
        0.0078       -55118.2
        0.0081       -51824.5
        0.0084       -48811.1
        0.0087       -46040.5
         0.009       -43482.3
        0.0093       -41111.4
        0.0096       -38906.9
        0.0099       -36851.1
        0.0102       -34929.2
        0.0105       -33128.2
        0.0108         -31437
        0.0111       -29846.1
        0.0114       -28347.1
        0.0117       -26932.5
         0.012       -25595.8
        0.0123       -24331.3
        0.0126       -23133.8
        0.0129       -21998.7
        0.0132       -20921.9
        0.0135       -19899.6
        0.0138       -18928.6
        0.0141       -18005.6
        0.0144         -17128
        0.0147       -16293.3
         0.015         -15499
        0.0153       -14743.1
        0.0156       -14023.4
        0.0159       -13338.3
        0.0162       -12685.9
        0.0165       -12064.6
        0.0168       -11472.9
        0.0171       -10909.2
        0.0174       -10372.4
        0.0177       -9860.89
         0.018       -9373.58
        0.0183       -8909.23
        0.0186       -8466.68
        0.0189       -8044.82
        0.0192       -7642.58
        0.0195       -7258.93
        0.0198       -6892.88
        0.0201       -6543.48
        0.0204       -6209.82
        0.0207       -5891.01
         0.021       -5586.22
        0.0213       -5294.64
        0.0216        -5015.5
        0.0219       -4748.05
        0.0222        -4491.6
        0.0225       -4245.47
        0.0228       -4009.02
        0.0231       -3781.65
        0.0234       -3562.78
        0.0237       -3351.86
         0.024       -3148.37
        0.0243       -2951.82
        0.0246       -2761.74
        0.0249        -2577.7
        0.0252       -2399.26
        0.0255       -2226.05
        0.0258       -2057.68
        0.0261       -1893.79
        0.0264       -1734.06
        0.0267       -1578.17
         0.027        -1425.8
        0.0273       -1276.68
        0.0276       -1130.54
        0.0279       -987.114
        0.0282       -846.157
        0.0285       -707.437
        0.0288       -570.732
        0.0291       -435.836
        0.0294       -302.556
        0.0297       -170.723
          0.03       -40.1974
        0.0303              0
        0.0306              0
        0.0309              0
        0.0312              0
        0.0315              0
        0.0318              0
        0.0321              0
        0.0324              0
        0.0327              0
         0.033              0
        0.0333              0
        0.0336              0
        0.0339              0
        0.0342              0
        0.0345              0
        0.0348              0
        0.0351              0
        0.0354              0
        0.0357              0
         0.036              0
        0.0363              0
        0.0366              0
        0.0369              0
        0.0372              0
        0.0375              0
        0.0378              0
        0.0381              0
        0.0384              0
        0.0387              0
         0.039              0
        0.0393              0
        0.0396              0
        0.0399              0
        0.0402              0
        0.0405              0
        0.0408              0
        0.0411              0
        0.0414              0
        0.0417              0
         0.042              0
        0.0423              0
        0.0426              0
        0.0429              0
        0.0432              0
        0.0435              0
        0.0438              0
        0.0441              0
        0.0444              0
        0.0447              0
         0.045              0
        0.0453              0
        0.0456              0
        0.0459              0
        0.0462              0
        0.0465              0
        0.0468              0
        0.0471              0
        0.0474              0
        0.0477              0
