# iteration    r (m)    potential (V)
         1         -0.048              0
         1        -0.0477              0
         1        -0.0474              0
         1        -0.0471              0
         1        -0.0468              0
         1        -0.0465              0
         1        -0.0462              0
         1        -0.0459              0
         1        -0.0456              0
         1        -0.0453              0
         1         -0.045              0
         1        -0.0447              0
         1        -0.0444              0
         1        -0.0441              0
         1        -0.0438              0
         1        -0.0435              0
         1        -0.0432              0
         1        -0.0429              0
         1        -0.0426              0
         1        -0.0423              0
         1         -0.042              0
         1        -0.0417              0
         1        -0.0414              0
         1        -0.0411              0
         1        -0.0408              0
         1        -0.0405              0
         1        -0.0402              0
         1        -0.0399              0
         1        -0.0396              0
         1        -0.0393              0
         1         -0.039              0
         1        -0.0387              0
         1        -0.0384              0
         1        -0.0381              0
         1        -0.0378              0
         1        -0.0375              0
         1        -0.0372              0
         1        -0.0369              0
         1        -0.0366              0
         1        -0.0363              0
         1         -0.036              0
         1        -0.0357              0
         1        -0.0354              0
         1        -0.0351              0
         1        -0.0348              0
         1        -0.0345              0
         1        -0.0342              0
         1        -0.0339              0
         1        -0.0336              0
         1        -0.0333              0
         1         -0.033              0
         1        -0.0327              0
         1        -0.0324              0
         1        -0.0321              0
         1        -0.0318              0
         1        -0.0315              0
         1        -0.0312              0
         1        -0.0309              0
         1        -0.0306              0
         1        -0.0303              0
         1          -0.03         -39.76
         1        -0.0297       -168.861
         1        -0.0294       -299.246
         1        -0.0291       -431.045
         1        -0.0288       -564.419
         1        -0.0285       -699.552
         1        -0.0282       -836.644
         1        -0.0279       -975.904
         1        -0.0276       -1117.56
         1        -0.0273       -1261.84
         1         -0.027          -1409
         1        -0.0267       -1559.31
         1        -0.0264       -1713.03
         1        -0.0261       -1870.45
         1        -0.0258        -2031.9
         1        -0.0255        -2197.7
         1        -0.0252       -2368.18
         1        -0.0249       -2543.73
         1        -0.0246       -2724.72
         1        -0.0243       -2911.57
         1         -0.024       -3104.72
         1        -0.0237       -3304.64
         1        -0.0234        -3511.8
         1        -0.0231       -3726.74
         1        -0.0228       -3950.01
         1        -0.0225       -4182.19
         1        -0.0222       -4423.89
         1        -0.0219       -4675.77
         1        -0.0216        -4938.5
         1        -0.0213       -5212.81
         1         -0.021       -5499.46
         1        -0.0207       -5799.23
         1        -0.0204       -6112.95
         1        -0.0201        -6441.5
         1        -0.0198       -6785.76
         1        -0.0195       -7146.68
         1        -0.0192       -7525.23
         1        -0.0189       -7922.43
         1        -0.0186       -8339.34
         1        -0.0183       -8777.03
         1         -0.018       -9236.64
         1        -0.0177       -9719.34
         1        -0.0174       -10226.4
         1        -0.0171         -10759
         1        -0.0168       -11318.5
         1        -0.0165       -11906.3
         1        -0.0162       -12523.8
         1        -0.0159       -13172.7
         1        -0.0156       -13854.4
         1        -0.0153       -14570.8
         1         -0.015       -15323.7
         1        -0.0147       -16115.1
         1        -0.0144       -16947.1
         1        -0.0141         -17822
         1        -0.0138       -18742.5
         1        -0.0135       -19711.2
         1        -0.0132       -20731.2
         1        -0.0129       -21805.9
         1        -0.0126         -22939
         1        -0.0123       -24134.6
         1         -0.012       -25397.4
         1        -0.0117       -26732.4
         1        -0.0114       -28145.6
         1        -0.0111       -29643.4
         1        -0.0108       -31233.3
         1        -0.0105       -32923.7
         1        -0.0102       -34724.3
         1        -0.0099       -36646.3
         1        -0.0096       -38702.6
         1        -0.0093       -40908.2
         1         -0.009         -43281
         1        -0.0087       -45841.9
         1        -0.0084       -48616.3
         1        -0.0081       -51634.8
         1        -0.0078       -54935.2
         1        -0.0075       -58564.8
         1        -0.0072       -62583.8
         1        -0.0069       -67070.7
         1        -0.0066       -72130.1
         1        -0.0063       -77903.5
         1         -0.006       -84576.5
         1        -0.0057       -92324.5
         1        -0.0054        -100000
         1        -0.0051        -100000
         1        -0.0048        -100000
         1        -0.0045       -99832.2
         1        -0.0042       -98472.6
         1        -0.0039       -97221.7
         1        -0.0036       -96169.6
         1        -0.0033       -95318.8
         1         -0.003       -94650.6
         1        -0.0027       -94141.6
         1        -0.0024       -93767.5
         1        -0.0021       -93504.6
         1        -0.0018       -93330.7
         1        -0.0015       -93224.7
         1        -0.0012       -93167.6
         1        -0.0009       -93142.5
         1        -0.0006       -93135.2
         1        -0.0003       -93135.3
         1              0       -93136.1
         1         0.0003       -93135.3
         1         0.0006       -93135.2
         1         0.0009       -93142.4
         1         0.0012       -93167.5
         1         0.0015       -93224.5
         1         0.0018       -93330.4
         1         0.0021       -93504.2
         1         0.0024         -93767
         1         0.0027         -94141
         1          0.003       -94649.8
         1         0.0033       -95317.8
         1         0.0036       -96168.5
         1         0.0039       -97220.5
         1         0.0042       -98471.4
         1         0.0045       -99831.1
         1         0.0048        -100000
         1         0.0051        -100000
         1         0.0054        -100000
         1         0.0057         -92337
         1          0.006       -84585.8
         1         0.0063       -77912.7
         1         0.0066       -72139.6
         1         0.0069       -67080.6
         1         0.0072       -62594.1
         1         0.0075       -58575.6
         1         0.0078       -54946.6
         1         0.0081       -51646.9
         1         0.0084       -48629.2
         1         0.0087       -45855.8
         1          0.009       -43295.9
         1         0.0093       -40924.4
         1         0.0096         -38720
         1         0.0099       -36665.1
         1         0.0102       -34744.6
         1         0.0105       -32945.5
         1         0.0108       -31256.8
         1         0.0111       -29668.7
         1         0.0114       -28172.7
         1         0.0117       -26761.4
         1          0.012       -25428.3
         1         0.0123       -24167.6
         1         0.0126         -22974
         1         0.0129       -21842.9
         1         0.0132       -20770.2
         1         0.0135       -19752.2
         1         0.0138       -18785.5
         1         0.0141       -17866.9
         1         0.0144       -16993.8
         1         0.0147       -16163.5
         1          0.015       -15373.8
         1         0.0153       -14622.4
         1         0.0156       -13907.3
         1         0.0159       -13226.7
         1         0.0162       -12578.9
         1         0.0165       -11962.1
         1         0.0168       -11374.9
         1         0.0171       -10815.8
         1         0.0174       -10283.4
         1         0.0177       -9776.31
         1          0.018       -9293.38
         1         0.0183       -8833.34
         1         0.0186       -8395.04
         1         0.0189       -7977.34
         1         0.0192       -7579.18
         1         0.0195       -7199.51
         1         0.0198       -6837.34
         1         0.0201        -6491.7
         1         0.0204       -6161.68
         1         0.0207       -5846.39
         1          0.021       -5544.97
         1         0.0213       -5256.62
         1         0.0216       -4980.55
         1         0.0219       -4716.03
         1         0.0222       -4462.35
         1         0.0225       -4218.84
         1         0.0228       -3984.85
         1         0.0231       -3759.77
         1         0.0234       -3543.04
         1         0.0237       -3334.11
         1          0.024       -3132.46
         1         0.0243        -2937.6
         1         0.0246       -2749.08
         1         0.0249       -2566.45
         1         0.0252       -2389.31
         1         0.0255       -2217.27
         1         0.0258       -2049.96
         1         0.0261       -1887.04
         1         0.0264       -1728.18
         1         0.0267       -1573.06
         1          0.027        -1421.4
         1         0.0273       -1272.91
         1         0.0276       -1127.34
         1         0.0279       -984.421
         1         0.0282       -843.927
         1         0.0285       -705.628
         1         0.0288       -569.311
         1         0.0291       -434.773
         1         0.0294        -301.83
         1         0.0297       -170.317
         1           0.03       -40.1027
         1         0.0303              0
         1         0.0306              0
         1         0.0309              0
         1         0.0312              0
         1         0.0315              0
         1         0.0318              0
         1         0.0321              0
         1         0.0324              0
         1         0.0327              0
         1          0.033              0
         1         0.0333              0
         1         0.0336              0
         1         0.0339              0
         1         0.0342              0
         1         0.0345              0
         1         0.0348              0
         1         0.0351              0
         1         0.0354              0
         1         0.0357              0
         1          0.036              0
         1         0.0363              0
         1         0.0366              0
         1         0.0369              0
         1         0.0372              0
         1         0.0375              0
         1         0.0378              0
         1         0.0381              0
         1         0.0384              0
         1         0.0387              0
         1          0.039              0
         1         0.0393              0
         1         0.0396              0
         1         0.0399              0
         1         0.0402              0
         1         0.0405              0
         1         0.0408              0
         1         0.0411              0
         1         0.0414              0
         1         0.0417              0
         1          0.042              0
         1         0.0423              0
         1         0.0426              0
         1         0.0429              0
         1         0.0432              0
         1         0.0435              0
         1         0.0438              0
         1         0.0441              0
         1         0.0444              0
         1         0.0447              0
         1          0.045              0
         1         0.0453              0
         1         0.0456              0
         1         0.0459              0
         1         0.0462              0
         1         0.0465              0
         1         0.0468              0
         1         0.0471              0
         1         0.0474              0
         1         0.0477              0
         2         -0.048              0
         2        -0.0477              0
         2        -0.0474              0
         2        -0.0471              0
         2        -0.0468              0
         2        -0.0465              0
         2        -0.0462              0
         2        -0.0459              0
         2        -0.0456              0
         2        -0.0453              0
         2         -0.045              0
         2        -0.0447              0
         2        -0.0444              0
         2        -0.0441              0
         2        -0.0438              0
         2        -0.0435              0
         2        -0.0432              0
         2        -0.0429              0
         2        -0.0426              0
         2        -0.0423              0
         2         -0.042              0
         2        -0.0417              0
         2        -0.0414              0
         2        -0.0411              0
         2        -0.0408              0
         2        -0.0405              0
         2        -0.0402              0
         2        -0.0399              0
         2        -0.0396              0
         2        -0.0393              0
         2         -0.039              0
         2        -0.0387              0
         2        -0.0384              0
         2        -0.0381              0
         2        -0.0378              0
         2        -0.0375              0
         2        -0.0372              0
         2        -0.0369              0
         2        -0.0366              0
         2        -0.0363              0
         2         -0.036              0
         2        -0.0357              0
         2        -0.0354              0
         2        -0.0351              0
         2        -0.0348              0
         2        -0.0345              0
         2        -0.0342              0
         2        -0.0339              0
         2        -0.0336              0
         2        -0.0333              0
         2         -0.033              0
         2        -0.0327              0
         2        -0.0324              0
         2        -0.0321              0
         2        -0.0318              0
         2        -0.0315              0
         2        -0.0312              0
         2        -0.0309              0
         2        -0.0306              0
         2        -0.0303              0
         2          -0.03       -39.8324
         2        -0.0297        -169.17
         2        -0.0294         -299.8
         2        -0.0291        -431.86
         2        -0.0288       -565.516
         2        -0.0285       -700.958
         2        -0.0282        -838.39
         2        -0.0279       -978.033
         2        -0.0276       -1120.12
         2        -0.0273       -1264.89
         2         -0.027        -1412.6
         2        -0.0267       -1563.52
         2        -0.0264       -1717.95
         2        -0.0261       -1876.17
         2        -0.0258       -2038.52
         2        -0.0255       -2205.33
         2        -0.0252       -2376.95
         2        -0.0249       -2553.76
         2        -0.0246       -2736.16
         2        -0.0243       -2924.57
         2         -0.024       -3119.45
         2        -0.0237       -3321.26
         2        -0.0234        -3530.5
         2        -0.0231       -3747.69
         2        -0.0228        -3973.4
         2        -0.0225       -4208.21
         2        -0.0222       -4452.74
         2        -0.0219       -4707.64
         2        -0.0216       -4973.58
         2        -0.0213       -5251.28
         2         -0.021        -5541.5
         2        -0.0207       -5845.02
         2        -0.0204       -6162.65
         2        -0.0201       -6495.25
         2        -0.0198       -6843.71
         2        -0.0195       -7208.95
         2        -0.0192       -7591.95
         2        -0.0189        -7993.7
         2        -0.0186       -8415.23
         2        -0.0183       -8857.62
         2         -0.018          -9322
         2        -0.0177       -9809.52
         2        -0.0174       -10321.4
         2        -0.0171       -10858.9
         2        -0.0168       -11423.3
         2        -0.0165         -12016
         2        -0.0162       -12638.5
         2        -0.0159       -13292.2
         2        -0.0156       -13978.8
         2        -0.0153       -14700.1
         2         -0.015       -15457.8
         2        -0.0147         -16254
         2        -0.0144       -17090.7
         2        -0.0141       -17970.3
         2        -0.0138       -18895.4
         2        -0.0135       -19868.7
         2        -0.0132       -20893.1
         2        -0.0129       -21972.1
         2        -0.0126       -23109.4
         2        -0.0123       -24309.1
         2         -0.012       -25575.7
         2        -0.0117       -26914.4
         2        -0.0114         -28331
         2        -0.0111       -29831.9
         2        -0.0108       -31424.6
         2        -0.0105       -33117.3
         2        -0.0102       -34919.9
         2        -0.0099       -36843.3
         2        -0.0096       -38900.3
         2        -0.0093       -41105.9
         2         -0.009       -43477.8
         2        -0.0087       -46036.7
         2        -0.0084       -48807.9
         2        -0.0081       -51821.8
         2        -0.0078       -55115.7
         2        -0.0075       -58736.7
         2        -0.0072       -62744.5
         2        -0.0069         -67217
         2        -0.0066         -72258
         2        -0.0063       -78008.1
         2         -0.006       -84651.5
         2        -0.0057       -92362.7
         2        -0.0054        -100000
         2        -0.0051        -100000
         2        -0.0048        -100000
         2        -0.0045       -99834.7
         2        -0.0042       -98495.4
         2        -0.0039       -97263.3
         2        -0.0036       -96227.3
         2        -0.0033       -95389.6
         2         -0.003         -94732
         2        -0.0027       -94231.1
         2        -0.0024         -93863
         2        -0.0021       -93604.5
         2        -0.0018       -93433.6
         2        -0.0015       -93329.4
         2        -0.0012       -93273.3
         2        -0.0009       -93248.7
         2        -0.0006       -93241.5
         2        -0.0003       -93241.5
         2              0       -93242.1
         2         0.0003       -93241.1
         2         0.0006       -93240.7
         2         0.0009       -93247.5
         2         0.0012       -93271.9
         2         0.0015       -93327.6
         2         0.0018       -93431.5
         2         0.0021       -93602.3
         2         0.0024       -93860.6
         2         0.0027       -94228.6
         2          0.003       -94729.4
         2         0.0033       -95387.1
         2         0.0036       -96224.9
         2         0.0039       -97261.2
         2         0.0042       -98493.7
         2         0.0045       -99833.6
         2         0.0048        -100000
         2         0.0051        -100000
         2         0.0054        -100000
         2         0.0057       -92373.5
         2          0.006       -84657.5
         2         0.0063       -78012.6
         2         0.0066       -72261.8
         2         0.0069       -67220.2
         2         0.0072       -62747.4
         2         0.0075       -58739.5
         2         0.0078       -55118.5
         2         0.0081       -51824.8
         2         0.0084       -48811.5
         2         0.0087       -46040.9
         2          0.009       -43482.8
         2         0.0093       -41111.9
         2         0.0096       -38907.4
         2         0.0099       -36851.7
         2         0.0102       -34929.8
         2         0.0105       -33128.9
         2         0.0108       -31437.8
         2         0.0111       -29846.9
         2         0.0114       -28347.9
         2         0.0117       -26933.4
         2          0.012       -25596.8
         2         0.0123       -24332.3
         2         0.0126       -23134.9
         2         0.0129       -21999.8
         2         0.0132         -20923
         2         0.0135       -19900.8
         2         0.0138       -18929.8
         2         0.0141       -18006.9
         2         0.0144       -17129.3
         2         0.0147       -16294.6
         2          0.015       -15500.3
         2         0.0153       -14744.4
         2         0.0156       -14024.8
         2         0.0159       -13339.6
         2         0.0162       -12687.1
         2         0.0165       -12065.8
         2         0.0168         -11474
         2         0.0171       -10910.2
         2         0.0174       -10373.3
         2         0.0177       -9861.65
         2          0.018        -9374.2
         2         0.0183       -8909.68
         2         0.0186       -8466.95
         2         0.0189        -8044.9
         2         0.0192       -7642.46
         2         0.0195       -7258.61
         2         0.0198       -6892.36
         2         0.0201       -6542.76
         2         0.0204       -6208.91
         2         0.0207       -5889.92
         2          0.021       -5584.96
         2         0.0213       -5293.22
         2         0.0216       -5013.94
         2         0.0219       -4746.38
         2         0.0222       -4489.83
         2         0.0225       -4243.63
         2         0.0228       -4007.14
         2         0.0231       -3779.74
         2         0.0234       -3560.87
         2         0.0237       -3349.96
         2          0.024        -3146.5
         2         0.0243          -2950
         2         0.0246       -2759.99
         2         0.0249       -2576.02
         2         0.0252       -2397.68
         2         0.0255       -2224.56
         2         0.0258       -2056.28
         2         0.0261        -1892.5
         2         0.0264       -1732.88
         2         0.0267       -1577.09
         2          0.027       -1424.83
         2         0.0273       -1275.82
         2         0.0276       -1129.78
         2         0.0279       -986.456
         2         0.0282       -845.597
         2         0.0285       -706.972
         2         0.0288        -570.36
         2         0.0291       -435.554
         2         0.0294       -302.361
         2         0.0297       -170.613
         2           0.03       -40.1716
         2         0.0303              0
         2         0.0306              0
         2         0.0309              0
         2         0.0312              0
         2         0.0315              0
         2         0.0318              0
         2         0.0321              0
         2         0.0324              0
         2         0.0327              0
         2          0.033              0
         2         0.0333              0
         2         0.0336              0
         2         0.0339              0
         2         0.0342              0
         2         0.0345              0
         2         0.0348              0
         2         0.0351              0
         2         0.0354              0
         2         0.0357              0
         2          0.036              0
         2         0.0363              0
         2         0.0366              0
         2         0.0369              0
         2         0.0372              0
         2         0.0375              0
         2         0.0378              0
         2         0.0381              0
         2         0.0384              0
         2         0.0387              0
         2          0.039              0
         2         0.0393              0
         2         0.0396              0
         2         0.0399              0
         2         0.0402              0
         2         0.0405              0
         2         0.0408              0
         2         0.0411              0
         2         0.0414              0
         2         0.0417              0
         2          0.042              0
         2         0.0423              0
         2         0.0426              0
         2         0.0429              0
         2         0.0432              0
         2         0.0435              0
         2         0.0438              0
         2         0.0441              0
         2         0.0444              0
         2         0.0447              0
         2          0.045              0
         2         0.0453              0
         2         0.0456              0
         2         0.0459              0
         2         0.0462              0
         2         0.0465              0
         2         0.0468              0
         2         0.0471              0
         2         0.0474              0
         2         0.0477              0
         3         -0.048              0
         3        -0.0477              0
         3        -0.0474              0
         3        -0.0471              0
         3        -0.0468              0
         3        -0.0465              0
         3        -0.0462              0
         3        -0.0459              0
         3        -0.0456              0
         3        -0.0453              0
         3         -0.045              0
         3        -0.0447              0
         3        -0.0444              0
         3        -0.0441              0
         3        -0.0438              0
         3        -0.0435              0
         3        -0.0432              0
         3        -0.0429              0
         3        -0.0426              0
         3        -0.0423              0
         3         -0.042              0
         3        -0.0417              0
         3        -0.0414              0
         3        -0.0411              0
         3        -0.0408              0
         3        -0.0405              0
         3        -0.0402              0
         3        -0.0399              0
         3        -0.0396              0
         3        -0.0393              0
         3         -0.039              0
         3        -0.0387              0
         3        -0.0384              0
         3        -0.0381              0
         3        -0.0378              0
         3        -0.0375              0
         3        -0.0372              0
         3        -0.0369              0
         3        -0.0366              0
         3        -0.0363              0
         3         -0.036              0
         3        -0.0357              0
         3        -0.0354              0
         3        -0.0351              0
         3        -0.0348              0
         3        -0.0345              0
         3        -0.0342              0
         3        -0.0339              0
         3        -0.0336              0
         3        -0.0333              0
         3         -0.033              0
         3        -0.0327              0
         3        -0.0324              0
         3        -0.0321              0
         3        -0.0318              0
         3        -0.0315              0
         3        -0.0312              0
         3        -0.0309              0
         3        -0.0306              0
         3        -0.0303              0
         3          -0.03       -39.8386
         3        -0.0297       -169.196
         3        -0.0294       -299.847
         3        -0.0291       -431.927
         3        -0.0288       -565.605
         3        -0.0285       -701.069
         3        -0.0282       -838.524
         3        -0.0279       -978.191
         3        -0.0276        -1120.3
         3        -0.0273       -1265.09
         3         -0.027       -1412.83
         3        -0.0267       -1563.78
         3        -0.0264       -1718.24
         3        -0.0261       -1876.49
         3        -0.0258       -2038.86
         3        -0.0255       -2205.69
         3        -0.0252       -2377.34
         3        -0.0249       -2554.17
         3        -0.0246        -2736.6
         3        -0.0243       -2925.03
         3         -0.024       -3119.92
         3        -0.0237       -3321.74
         3        -0.0234       -3530.98
         3        -0.0231       -3748.18
         3        -0.0228       -3973.88
         3        -0.0225       -4208.68
         3        -0.0222       -4453.19
         3        -0.0219       -4708.07
         3        -0.0216       -4973.98
         3        -0.0213       -5251.65
         3         -0.021       -5541.83
         3        -0.0207        -5845.3
         3        -0.0204       -6162.88
         3        -0.0201       -6495.43
         3        -0.0198       -6843.84
         3        -0.0195       -7209.03
         3        -0.0192       -7591.97
         3        -0.0189       -7993.67
         3        -0.0186       -8415.15
         3        -0.0183        -8857.5
         3         -0.018       -9321.83
         3        -0.0177       -9809.31
         3        -0.0174       -10321.2
         3        -0.0171       -10858.6
         3        -0.0168         -11423
         3        -0.0165       -12015.7
         3        -0.0162       -12638.1
         3        -0.0159       -13291.9
         3        -0.0156       -13978.5
         3        -0.0153       -14699.7
         3         -0.015       -15457.5
         3        -0.0147       -16253.6
         3        -0.0144       -17090.4
         3        -0.0141         -17970
         3        -0.0138       -18895.1
         3        -0.0135       -19868.3
         3        -0.0132       -20892.8
         3        -0.0129       -21971.9
         3        -0.0126       -23109.2
         3        -0.0123       -24308.8
         3         -0.012       -25575.5
         3        -0.0117       -26914.2
         3        -0.0114       -28330.8
         3        -0.0111       -29831.7
         3        -0.0108       -31424.4
         3        -0.0105       -33117.2
         3        -0.0102       -34919.7
         3        -0.0099       -36843.1
         3        -0.0096       -38900.1
         3        -0.0093       -41105.8
         3         -0.009       -43477.6
         3        -0.0087       -46036.6
         3        -0.0084       -48807.8
         3        -0.0081       -51821.7
         3        -0.0078       -55115.7
         3        -0.0075       -58736.7
         3        -0.0072       -62744.5
         3        -0.0069         -67217
         3        -0.0066         -72258
         3        -0.0063         -78008
         3         -0.006       -84651.5
         3        -0.0057       -92362.7
         3        -0.0054        -100000
         3        -0.0051        -100000
         3        -0.0048        -100000
         3        -0.0045       -99834.7
         3        -0.0042       -98495.3
         3        -0.0039       -97263.2
         3        -0.0036       -96227.2
         3        -0.0033       -95389.4
         3         -0.003       -94731.7
         3        -0.0027       -94230.8
         3        -0.0024       -93862.7
         3        -0.0021       -93604.2
         3        -0.0018       -93433.1
         3        -0.0015         -93329
         3        -0.0012       -93272.9
         3        -0.0009       -93248.2
         3        -0.0006         -93241
         3        -0.0003         -93241
         3              0       -93241.6
         3         0.0003       -93240.6
         3         0.0006       -93240.2
         3         0.0009         -93247
         3         0.0012       -93271.4
         3         0.0015       -93327.2
         3         0.0018       -93431.1
         3         0.0021       -93601.9
         3         0.0024       -93860.3
         3         0.0027       -94228.3
         3          0.003       -94729.2
         3         0.0033       -95386.9
         3         0.0036       -96224.8
         3         0.0039       -97261.1
         3         0.0042       -98493.6
         3         0.0045       -99833.6
         3         0.0048        -100000
         3         0.0051        -100000
         3         0.0054        -100000
         3         0.0057       -92373.5
         3          0.006       -84657.5
         3         0.0063       -78012.6
         3         0.0066       -72261.8
         3         0.0069       -67220.2
         3         0.0072       -62747.3
         3         0.0075       -58739.4
         3         0.0078       -55118.5
         3         0.0081       -51824.8
         3         0.0084       -48811.4
         3         0.0087       -46040.8
         3          0.009       -43482.7
         3         0.0093       -41111.8
         3         0.0096       -38907.3
         3         0.0099       -36851.6
         3         0.0102       -34929.7
         3         0.0105       -33128.7
         3         0.0108       -31437.6
         3         0.0111       -29846.8
         3         0.0114       -28347.7
         3         0.0117       -26933.2
         3          0.012       -25596.6
         3         0.0123       -24332.1
         3         0.0126       -23134.6
         3         0.0129       -21999.6
         3         0.0132       -20922.8
         3         0.0135       -19900.5
         3         0.0138       -18929.5
         3         0.0141       -18006.6
         3         0.0144         -17129
         3         0.0147       -16294.3
         3          0.015         -15500
         3         0.0153       -14744.1
         3         0.0156       -14024.4
         3         0.0159       -13339.3
         3         0.0162       -12686.8
         3         0.0165       -12065.5
         3         0.0168       -11473.7
         3         0.0171         -10910
         3         0.0174         -10373
         3         0.0177       -9861.46
         3          0.018       -9374.04
         3         0.0183       -8909.57
         3         0.0186       -8466.88
         3         0.0189       -8044.88
         3         0.0192       -7642.48
         3         0.0195       -7258.68
         3         0.0198       -6892.48
         3         0.0201       -6542.93
         3         0.0204       -6209.12
         3         0.0207       -5890.18
         3          0.021       -5585.26
         3         0.0213       -5293.56
         3         0.0216       -5014.31
         3         0.0219       -4746.78
         3         0.0222       -4490.25
         3         0.0225       -4244.07
         3         0.0228       -4007.59
         3         0.0231       -3780.19
         3         0.0234       -3561.32
         3         0.0237       -3350.41
         3          0.024       -3146.94
         3         0.0243       -2950.43
         3         0.0246        -2760.4
         3         0.0249       -2576.41
         3         0.0252       -2398.04
         3         0.0255        -2224.9
         3         0.0258        -2056.6
         3         0.0261        -1892.8
         3         0.0264       -1733.15
         3         0.0267       -1577.33
         3          0.027       -1425.05
         3         0.0273       -1276.01
         3         0.0276       -1129.95
         3         0.0279       -986.602
         3         0.0282       -845.721
         3         0.0285       -707.075
         3         0.0288       -570.442
         3         0.0291       -435.616
         3         0.0294       -302.404
         3         0.0297       -170.637
         3           0.03       -40.1773
         3         0.0303              0
         3         0.0306              0
         3         0.0309              0
         3         0.0312              0
         3         0.0315              0
         3         0.0318              0
         3         0.0321              0
         3         0.0324              0
         3         0.0327              0
         3          0.033              0
         3         0.0333              0
         3         0.0336              0
         3         0.0339              0
         3         0.0342              0
         3         0.0345              0
         3         0.0348              0
         3         0.0351              0
         3         0.0354              0
         3         0.0357              0
         3          0.036              0
         3         0.0363              0
         3         0.0366              0
         3         0.0369              0
         3         0.0372              0
         3         0.0375              0
         3         0.0378              0
         3         0.0381              0
         3         0.0384              0
         3         0.0387              0
         3          0.039              0
         3         0.0393              0
         3         0.0396              0
         3         0.0399              0
         3         0.0402              0
         3         0.0405              0
         3         0.0408              0
         3         0.0411              0
         3         0.0414              0
         3         0.0417              0
         3          0.042              0
         3         0.0423              0
         3         0.0426              0
         3         0.0429              0
         3         0.0432              0
         3         0.0435              0
         3         0.0438              0
         3         0.0441              0
         3         0.0444              0
         3         0.0447              0
         3          0.045              0
         3         0.0453              0
         3         0.0456              0
         3         0.0459              0
         3         0.0462              0
         3         0.0465              0
         3         0.0468              0
         3         0.0471              0
         3         0.0474              0
         3         0.0477              0
         4         -0.048              0
         4        -0.0477              0
         4        -0.0474              0
         4        -0.0471              0
         4        -0.0468              0
         4        -0.0465              0
         4        -0.0462              0
         4        -0.0459              0
         4        -0.0456              0
         4        -0.0453              0
         4         -0.045              0
         4        -0.0447              0
         4        -0.0444              0
         4        -0.0441              0
         4        -0.0438              0
         4        -0.0435              0
         4        -0.0432              0
         4        -0.0429              0
         4        -0.0426              0
         4        -0.0423              0
         4         -0.042              0
         4        -0.0417              0
         4        -0.0414              0
         4        -0.0411              0
         4        -0.0408              0
         4        -0.0405              0
         4        -0.0402              0
         4        -0.0399              0
         4        -0.0396              0
         4        -0.0393              0
         4         -0.039              0
         4        -0.0387              0
         4        -0.0384              0
         4        -0.0381              0
         4        -0.0378              0
         4        -0.0375              0
         4        -0.0372              0
         4        -0.0369              0
         4        -0.0366              0
         4        -0.0363              0
         4         -0.036              0
         4        -0.0357              0
         4        -0.0354              0
         4        -0.0351              0
         4        -0.0348              0
         4        -0.0345              0
         4        -0.0342              0
         4        -0.0339              0
         4        -0.0336              0
         4        -0.0333              0
         4         -0.033              0
         4        -0.0327              0
         4        -0.0324              0
         4        -0.0321              0
         4        -0.0318              0
         4        -0.0315              0
         4        -0.0312              0
         4        -0.0309              0
         4        -0.0306              0
         4        -0.0303              0
         4          -0.03       -39.8498
         4        -0.0297       -169.244
         4        -0.0294       -299.932
         4        -0.0291        -432.05
         4        -0.0288       -565.766
         4        -0.0285        -701.27
         4        -0.0282       -838.767
         4        -0.0279       -978.476
         4        -0.0276       -1120.63
         4        -0.0273       -1265.47
         4         -0.027       -1413.25
         4        -0.0267       -1564.25
         4        -0.0264       -1718.75
         4        -0.0261       -1877.05
         4        -0.0258       -2039.47
         4        -0.0255       -2206.34
         4        -0.0252       -2378.03
         4        -0.0249        -2554.9
         4        -0.0246       -2737.36
         4        -0.0243       -2925.82
         4         -0.024       -3120.73
         4        -0.0237       -3322.57
         4        -0.0234       -3531.82
         4        -0.0231       -3749.01
         4        -0.0228       -3974.71
         4        -0.0225       -4209.49
         4        -0.0222       -4453.97
         4        -0.0219        -4708.8
         4        -0.0216       -4974.66
         4        -0.0213       -5252.28
         4         -0.021       -5542.39
         4        -0.0207       -5845.78
         4        -0.0204       -6163.28
         4        -0.0201       -6495.75
         4        -0.0198       -6844.07
         4        -0.0195       -7209.17
         4        -0.0192       -7592.03
         4        -0.0189       -7993.63
         4        -0.0186       -8415.03
         4        -0.0183        -8857.3
         4         -0.018       -9321.55
         4        -0.0177       -9808.97
         4        -0.0174       -10320.7
         4        -0.0171       -10858.1
         4        -0.0168       -11422.5
         4        -0.0165       -12015.1
         4        -0.0162       -12637.6
         4        -0.0159       -13291.3
         4        -0.0156       -13977.9
         4        -0.0153       -14699.1
         4         -0.015       -15456.9
         4        -0.0147         -16253
         4        -0.0144       -17089.8
         4        -0.0141       -17969.4
         4        -0.0138       -18894.5
         4        -0.0135       -19867.8
         4        -0.0132       -20892.3
         4        -0.0129       -21971.4
         4        -0.0126       -23108.7
         4        -0.0123       -24308.4
         4         -0.012         -25575
         4        -0.0117       -26913.8
         4        -0.0114       -28330.4
         4        -0.0111       -29831.3
         4        -0.0108         -31424
         4        -0.0105       -33116.8
         4        -0.0102       -34919.4
         4        -0.0099       -36842.8
         4        -0.0096       -38899.9
         4        -0.0093       -41105.5
         4         -0.009       -43477.4
         4        -0.0087       -46036.4
         4        -0.0084       -48807.6
         4        -0.0081       -51821.5
         4        -0.0078       -55115.5
         4        -0.0075       -58736.5
         4        -0.0072       -62744.3
         4        -0.0069       -67216.8
         4        -0.0066       -72257.9
         4        -0.0063       -78007.9
         4         -0.006       -84651.4
         4        -0.0057       -92362.7
         4        -0.0054        -100000
         4        -0.0051        -100000
         4        -0.0048        -100000
         4        -0.0045       -99834.7
         4        -0.0042       -98495.2
         4        -0.0039       -97263.1
         4        -0.0036       -96226.9
         4        -0.0033       -95389.1
         4         -0.003       -94731.3
         4        -0.0027       -94230.3
         4        -0.0024       -93862.2
         4        -0.0021       -93603.6
         4        -0.0018       -93432.5
         4        -0.0015       -93328.3
         4        -0.0012       -93272.1
         4        -0.0009       -93247.4
         4        -0.0006       -93240.2
         4        -0.0003       -93240.2
         4              0       -93240.8
         4         0.0003       -93239.8
         4         0.0006       -93239.4
         4         0.0009       -93246.2
         4         0.0012       -93270.6
         4         0.0015       -93326.5
         4         0.0018       -93430.4
         4         0.0021       -93601.3
         4         0.0024       -93859.7
         4         0.0027       -94227.8
         4          0.003       -94728.8
         4         0.0033       -95386.6
         4         0.0036       -96224.5
         4         0.0039       -97260.9
         4         0.0042       -98493.5
         4         0.0045       -99833.6
         4         0.0048        -100000
         4         0.0051        -100000
         4         0.0054        -100000
         4         0.0057       -92373.5
         4          0.006       -84657.5
         4         0.0063       -78012.6
         4         0.0066       -72261.7
         4         0.0069       -67220.1
         4         0.0072       -62747.2
         4         0.0075       -58739.3
         4         0.0078       -55118.3
         4         0.0081       -51824.6
         4         0.0084       -48811.2
         4         0.0087       -46040.7
         4          0.009       -43482.5
         4         0.0093       -41111.6
         4         0.0096       -38907.1
         4         0.0099       -36851.4
         4         0.0102       -34929.4
         4         0.0105       -33128.4
         4         0.0108       -31437.3
         4         0.0111       -29846.4
         4         0.0114       -28347.4
         4         0.0117       -26932.8
         4          0.012       -25596.2
         4         0.0123       -24331.7
         4         0.0126       -23134.2
         4         0.0129       -21999.1
         4         0.0132       -20922.3
         4         0.0135       -19900.1
         4         0.0138         -18929
         4         0.0141       -18006.1
         4         0.0144       -17128.5
         4         0.0147       -16293.8
         4          0.015       -15499.5
         4         0.0153       -14743.5
         4         0.0156       -14023.9
         4         0.0159       -13338.8
         4         0.0162       -12686.3
         4         0.0165         -12065
         4         0.0168       -11473.2
         4         0.0171       -10909.6
         4         0.0174       -10372.7
         4         0.0177       -9861.14
         4          0.018       -9373.79
         4         0.0183       -8909.38
         4         0.0186       -8466.77
         4         0.0189       -8044.84
         4         0.0192       -7642.53
         4         0.0195       -7258.81
         4         0.0198       -6892.69
         4         0.0201       -6543.22
         4         0.0204       -6209.49
         4         0.0207       -5890.63
         4          0.021       -5585.78
         4         0.0213       -5294.14
         4         0.0216       -5014.95
         4         0.0219       -4747.46
         4         0.0222       -4490.97
         4         0.0225       -4244.82
         4         0.0228       -4008.35
         4         0.0231       -3780.97
         4         0.0234        -3562.1
         4         0.0237       -3351.18
         4          0.024        -3147.7
         4         0.0243       -2951.17
         4         0.0246       -2761.11
         4         0.0249       -2577.09
         4         0.0252       -2398.69
         4         0.0255        -2225.5
         4         0.0258       -2057.17
         4         0.0261       -1893.32
         4         0.0264       -1733.63
         4         0.0267       -1577.77
         4          0.027       -1425.44
         4         0.0273       -1276.36
         4         0.0276       -1130.26
         4         0.0279       -986.866
         4         0.0282       -845.945
         4         0.0285       -707.261
         4         0.0288       -570.591
         4         0.0291       -435.729
         4         0.0294       -302.482
         4         0.0297       -170.681
         4           0.03       -40.1876
         4         0.0303              0
         4         0.0306              0
         4         0.0309              0
         4         0.0312              0
         4         0.0315              0
         4         0.0318              0
         4         0.0321              0
         4         0.0324              0
         4         0.0327              0
         4          0.033              0
         4         0.0333              0
         4         0.0336              0
         4         0.0339              0
         4         0.0342              0
         4         0.0345              0
         4         0.0348              0
         4         0.0351              0
         4         0.0354              0
         4         0.0357              0
         4          0.036              0
         4         0.0363              0
         4         0.0366              0
         4         0.0369              0
         4         0.0372              0
         4         0.0375              0
         4         0.0378              0
         4         0.0381              0
         4         0.0384              0
         4         0.0387              0
         4          0.039              0
         4         0.0393              0
         4         0.0396              0
         4         0.0399              0
         4         0.0402              0
         4         0.0405              0
         4         0.0408              0
         4         0.0411              0
         4         0.0414              0
         4         0.0417              0
         4          0.042              0
         4         0.0423              0
         4         0.0426              0
         4         0.0429              0
         4         0.0432              0
         4         0.0435              0
         4         0.0438              0
         4         0.0441              0
         4         0.0444              0
         4         0.0447              0
         4          0.045              0
         4         0.0453              0
         4         0.0456              0
         4         0.0459              0
         4         0.0462              0
         4         0.0465              0
         4         0.0468              0
         4         0.0471              0
         4         0.0474              0
         4         0.0477              0
         5         -0.048              0
         5        -0.0477              0
         5        -0.0474              0
         5        -0.0471              0
         5        -0.0468              0
         5        -0.0465              0
         5        -0.0462              0
         5        -0.0459              0
         5        -0.0456              0
         5        -0.0453              0
         5         -0.045              0
         5        -0.0447              0
         5        -0.0444              0
         5        -0.0441              0
         5        -0.0438              0
         5        -0.0435              0
         5        -0.0432              0
         5        -0.0429              0
         5        -0.0426              0
         5        -0.0423              0
         5         -0.042              0
         5        -0.0417              0
         5        -0.0414              0
         5        -0.0411              0
         5        -0.0408              0
         5        -0.0405              0
         5        -0.0402              0
         5        -0.0399              0
         5        -0.0396              0
         5        -0.0393              0
         5         -0.039              0
         5        -0.0387              0
         5        -0.0384              0
         5        -0.0381              0
         5        -0.0378              0
         5        -0.0375              0
         5        -0.0372              0
         5        -0.0369              0
         5        -0.0366              0
         5        -0.0363              0
         5         -0.036              0
         5        -0.0357              0
         5        -0.0354              0
         5        -0.0351              0
         5        -0.0348              0
         5        -0.0345              0
         5        -0.0342              0
         5        -0.0339              0
         5        -0.0336              0
         5        -0.0333              0
         5         -0.033              0
         5        -0.0327              0
         5        -0.0324              0
         5        -0.0321              0
         5        -0.0318              0
         5        -0.0315              0
         5        -0.0312              0
         5        -0.0309              0
         5        -0.0306              0
         5        -0.0303              0
         5          -0.03       -39.8604
         5        -0.0297       -169.289
         5        -0.0294       -300.012
         5        -0.0291       -432.166
         5        -0.0288       -565.919
         5        -0.0285        -701.46
         5        -0.0282       -838.995
         5        -0.0279       -978.743
         5        -0.0276       -1120.93
         5        -0.0273       -1265.81
         5         -0.027       -1413.64
         5        -0.0267       -1564.68
         5        -0.0264       -1719.22
         5        -0.0261       -1877.56
         5        -0.0258       -2040.02
         5        -0.0255       -2206.93
         5        -0.0252       -2378.65
         5        -0.0249       -2555.55
         5        -0.0246       -2738.03
         5        -0.0243       -2926.52
         5         -0.024       -3121.45
         5        -0.0237       -3323.29
         5        -0.0234       -3532.55
         5        -0.0231       -3749.74
         5        -0.0228       -3975.42
         5        -0.0225       -4210.18
         5        -0.0222       -4454.64
         5        -0.0219       -4709.43
         5        -0.0216       -4975.25
         5        -0.0213       -5252.81
         5         -0.021       -5542.87
         5        -0.0207        -5846.2
         5        -0.0204       -6163.64
         5        -0.0201       -6496.03
         5        -0.0198       -6844.28
         5        -0.0195        -7209.3
         5        -0.0192       -7592.08
         5        -0.0189       -7993.61
         5        -0.0186       -8414.94
         5        -0.0183       -8857.14
         5         -0.018       -9321.33
         5        -0.0177       -9808.69
         5        -0.0174       -10320.4
         5        -0.0171       -10857.8
         5        -0.0168       -11422.1
         5        -0.0165       -12014.7
         5        -0.0162       -12637.1
         5        -0.0159       -13290.8
         5        -0.0156       -13977.4
         5        -0.0153       -14698.6
         5         -0.015       -15456.3
         5        -0.0147       -16252.5
         5        -0.0144       -17089.3
         5        -0.0141       -17968.9
         5        -0.0138         -18894
         5        -0.0135       -19867.3
         5        -0.0132       -20891.8
         5        -0.0129       -21970.9
         5        -0.0126       -23108.3
         5        -0.0123         -24308
         5         -0.012       -25574.6
         5        -0.0117       -26913.4
         5        -0.0114         -28330
         5        -0.0111         -29831
         5        -0.0108       -31423.7
         5        -0.0105       -33116.5
         5        -0.0102       -34919.1
         5        -0.0099       -36842.6
         5        -0.0096       -38899.6
         5        -0.0093       -41105.3
         5         -0.009       -43477.2
         5        -0.0087       -46036.2
         5        -0.0084       -48807.4
         5        -0.0081       -51821.3
         5        -0.0078       -55115.3
         5        -0.0075       -58736.4
         5        -0.0072       -62744.2
         5        -0.0069       -67216.7
         5        -0.0066       -72257.8
         5        -0.0063       -78007.9
         5         -0.006       -84651.4
         5        -0.0057       -92362.7
         5        -0.0054        -100000
         5        -0.0051        -100000
         5        -0.0048        -100000
         5        -0.0045       -99834.7
         5        -0.0042       -98495.2
         5        -0.0039       -97262.9
         5        -0.0036       -96226.7
         5        -0.0033       -95388.8
         5         -0.003         -94731
         5        -0.0027       -94229.9
         5        -0.0024       -93861.7
         5        -0.0021       -93603.1
         5        -0.0018       -93431.9
         5        -0.0015       -93327.7
         5        -0.0012       -93271.5
         5        -0.0009       -93246.7
         5        -0.0006       -93239.6
         5        -0.0003       -93239.5
         5              0       -93240.1
         5         0.0003       -93239.1
         5         0.0006       -93238.8
         5         0.0009       -93245.6
         5         0.0012         -93270
         5         0.0015       -93325.9
         5         0.0018       -93429.9
         5         0.0021       -93600.8
         5         0.0024       -93859.3
         5         0.0027       -94227.4
         5          0.003       -94728.5
         5         0.0033       -95386.3
         5         0.0036       -96224.4
         5         0.0039       -97260.8
         5         0.0042       -98493.5
         5         0.0045       -99833.6
         5         0.0048        -100000
         5         0.0051        -100000
         5         0.0054        -100000
         5         0.0057       -92373.5
         5          0.006       -84657.5
         5         0.0063       -78012.5
         5         0.0066       -72261.6
         5         0.0069         -67220
         5         0.0072       -62747.1
         5         0.0075       -58739.2
         5         0.0078       -55118.2
         5         0.0081       -51824.5
         5         0.0084       -48811.1
         5         0.0087       -46040.5
         5          0.009       -43482.3
         5         0.0093       -41111.4
         5         0.0096       -38906.9
         5         0.0099       -36851.1
         5         0.0102       -34929.2
         5         0.0105       -33128.2
         5         0.0108         -31437
         5         0.0111       -29846.1
         5         0.0114       -28347.1
         5         0.0117       -26932.5
         5          0.012       -25595.8
         5         0.0123       -24331.3
         5         0.0126       -23133.8
         5         0.0129       -21998.7
         5         0.0132       -20921.9
         5         0.0135       -19899.6
         5         0.0138       -18928.6
         5         0.0141       -18005.6
         5         0.0144         -17128
         5         0.0147       -16293.3
         5          0.015         -15499
         5         0.0153       -14743.1
         5         0.0156       -14023.4
         5         0.0159       -13338.3
         5         0.0162       -12685.9
         5         0.0165       -12064.6
         5         0.0168       -11472.9
         5         0.0171       -10909.2
         5         0.0174       -10372.4
         5         0.0177       -9860.89
         5          0.018       -9373.58
         5         0.0183       -8909.23
         5         0.0186       -8466.68
         5         0.0189       -8044.82
         5         0.0192       -7642.58
         5         0.0195       -7258.93
         5         0.0198       -6892.88
         5         0.0201       -6543.48
         5         0.0204       -6209.82
         5         0.0207       -5891.01
         5          0.021       -5586.22
         5         0.0213       -5294.64
         5         0.0216        -5015.5
         5         0.0219       -4748.05
         5         0.0222        -4491.6
         5         0.0225       -4245.47
         5         0.0228       -4009.02
         5         0.0231       -3781.65
         5         0.0234       -3562.78
         5         0.0237       -3351.86
         5          0.024       -3148.37
         5         0.0243       -2951.82
         5         0.0246       -2761.74
         5         0.0249        -2577.7
         5         0.0252       -2399.26
         5         0.0255       -2226.05
         5         0.0258       -2057.68
         5         0.0261       -1893.79
         5         0.0264       -1734.06
         5         0.0267       -1578.17
         5          0.027        -1425.8
         5         0.0273       -1276.68
         5         0.0276       -1130.54
         5         0.0279       -987.114
         5         0.0282       -846.157
         5         0.0285       -707.437
         5         0.0288       -570.732
         5         0.0291       -435.836
         5         0.0294       -302.556
         5         0.0297       -170.723
         5           0.03       -40.1974
         5         0.0303              0
         5         0.0306              0
         5         0.0309              0
         5         0.0312              0
         5         0.0315              0
         5         0.0318              0
         5         0.0321              0
         5         0.0324              0
         5         0.0327              0
         5          0.033              0
         5         0.0333              0
         5         0.0336              0
         5         0.0339              0
         5         0.0342              0
         5         0.0345              0
         5         0.0348              0
         5         0.0351              0
         5         0.0354              0
         5         0.0357              0
         5          0.036              0
         5         0.0363              0
         5         0.0366              0
         5         0.0369              0
         5         0.0372              0
         5         0.0375              0
         5         0.0378              0
         5         0.0381              0
         5         0.0384              0
         5         0.0387              0
         5          0.039              0
         5         0.0393              0
         5         0.0396              0
         5         0.0399              0
         5         0.0402              0
         5         0.0405              0
         5         0.0408              0
         5         0.0411              0
         5         0.0414              0
         5         0.0417              0
         5          0.042              0
         5         0.0423              0
         5         0.0426              0
         5         0.0429              0
         5         0.0432              0
         5         0.0435              0
         5         0.0438              0
         5         0.0441              0
         5         0.0444              0
         5         0.0447              0
         5          0.045              0
         5         0.0453              0
         5         0.0456              0
         5         0.0459              0
         5         0.0462              0
         5         0.0465              0
         5         0.0468              0
         5         0.0471              0
         5         0.0474              0
         5         0.0477              0
